6.339445414311871 4.116098042459495 1.5126664471416233 1
-4.311822545266805 0.8133066615339678 -9.656710203003014 -1
-7.358947072880482 12.93309687890603 4.894276796270897 1
10.896852280131904 11.857256890061826 -5.29272316087866 -1
10.569989587718863 2.272847190350877 -5.8140397052993755 -1
3.9444550544654313 15.57429694672446 6.120597760403913 1
3.737176256548615 3.853122548843211 6.291795010246244 1
11.734408842590888 7.321462931078411 -3.5851109389879428 -1
5.282283719887066 10.090111358533546 12.686907546620283 -1
11.936657272046125 13.522455076856414 5.067701158690616 -1
-1.8490863432277436 13.054154934516326 7.87044197676377 1
-9.433741874501154 15.985053192604145 -0.0884801226290378 1
1.7583055972452364 6.019672163181483 -11.014413176176255 -1
4.804804063486647 10.3400893109931 -10.370444751225305 -1
-2.7965313104494807 14.320113958762152 7.710441395645913 1
-8.383625560602113 10.70936698104392 -5.4539520859695365 -1
-9.449845093933869 16.1324386527124 -0.2746723147525883 -1
0.6265780882545442 6.298665271661141 -4.801442596152408 1
10.09783677652447 11.48449580277635 -6.476133612745746 -1
11.649127250226362 5.1375435609766225 5.840123492814079 -1
-2.3884546438746814 9.315543117655086 7.793582457485255 1
-4.884323465741089 17.01030372003246 -9.308766019446283 -1
3.5366468150853887 2.1812051611940073 -4.110879200399443 1
-2.688186484649128 4.829679516274599 7.734646024341181 1
7.959118840351986 16.627052562525325 10.912937842743222 -1
-1.5581954064098669 11.89736789902244 -10.739027793268066 -1
-4.788204056060037 17.375761994732343 6.9696441810115015 1
11.088515265393506 20.473608639891733 -4.956816987316376 -1
1.1921653054702874 20.269713973778636 7.605631465996889 1
-8.063448608634747 19.943754604883154 -6.026365732323334 -1
12.176400193642422 11.587525244578847 4.270984740990664 -1
-7.274385869293902 1.9432586964673964 4.993259335809674 1
11.74616178023675 15.549046232130598 -3.5553862394913938 -1
5.9265957407554035 11.850246341160732 -1.2993509019455878 1
3.9378540101443846 15.66301229895224 -10.64487482780156 -1
3.9710300427000758 9.563187613268976 -10.635765927762042 -1
5.973269046311961 3.268922997911594 3.195827113783326 1
8.734210299779061 20.91500966075132 10.200649508917866 -1
-7.59164508812339 18.683512811775547 4.605634229026165 1
10.019764354841278 16.878737382651156 8.719453113861519 -1
2.8190494297150446 8.640989932600796 -4.459815626100366 1
6.360526833480852 4.4762939732426075 1.0661019264061622 1
2.226715663696361 6.1832354689131135 -4.653379777259039 1
0.8563899120925814 13.081558132865569 -11.039825572591017 -1
-6.478807824397293 5.2125580764177055 -8.028523644525013 -1
-9.262728987610783 16.793299781973353 -3.007406949243582 -1
2.033268014321126 0.39652686751008737 -4.69973172393238 1
-8.373296560746901 10.087379194353561 -5.473878051549865 -1
0.27003567317536353 15.4143211088326 7.814776799576249 1
-9.449044589634187 14.35492578657997 -0.26428063988884204 -1
5.01548917529097 8.84694233916297 -2.8465398560490622 1
-5.547548867638031 14.557270083022704 -8.838273082959686 -1
-8.16761555549332 7.711151667259415 -5.84961799029878 -1
0.30427161385996254 4.8812695499151335 -4.7664368522067 1
-4.712592941266632 16.486061855721882 -9.418434511112354 -1
9.80510502287829 15.260808321842687 8.99932905270103 -1
11.186286317252925 14.835602463688932 -4.775271481112224 -1
1.0485190924583565 0.6665717174020792 14.023392636540786 -1
5.205339887048235 5.0282135302129385 12.725415988410434 -1
11.262615823392576 7.792209016403962 -4.628177922269102 -1
3.2401800036609707 12.219453401801108 6.653819215080466 1
-4.06493245671017 1.8477625014072143 -9.791866019039162 -1
-9.022542892670469 4.874708140100888 1.8897315360971891 1
6.313064486195352 17.062835629906413 1.7703140244764883 1
-3.7041123993314287 15.807547835935425 7.445100469405906 1
2.5380834604453955 16.900314891199397 -4.5615740084940954 1
-8.05379750301977 6.183311163517631 3.9472333528451355 1
2.357576997165212 16.392998996562753 13.7671609349687 -1
5.410199412867626 4.720512369496373 -2.304403261998068 1
5.267360278453902 6.0868321906259295 -2.5162754746151204 1
7.314613018297007 17.828619404280722 -9.096747131358446 -1
-6.96999009750776 15.627475737886016 -7.512153347110786 -1
-8.832080471511714 6.977316736278788 2.4192378966903854 1
4.84452560887572 11.914021949974563 -3.045038796329625 1
5.712592045171891 14.69261773594039 3.82107503780152 1
10.677005824717128 1.9306449625321696 7.751948905230881 -1
-6.114543063469247 1.1298467412949442 6.104538795877376 1
-9.210640774752882 18.118719529210747 -3.236334273412755 -1
0.27900481063429844 13.229378048438546 -4.762737712402926 1
2.2883564816273774 18.262716186084187 7.190520373585201 1
-7.313708457885662 1.8415083720258472 4.947600158157362 1
-5.1518349775401076 18.18398031184278 -9.12829850780586 -1
9.313939521477606 0.8661987694306045 9.58675573671725 -1
-3.9920481661839426 20.12165590542497 -9.830147138113242 -1
4.117472623984369 4.774729621245882 -10.59425641712949 -1
6.047626317591593 15.789104140237662 -0.9675678645177751 1
7.990429543022999 8.41572205996011 -8.606482484311263 -1
12.541430328195673 8.464583912751298 -0.2750180206490585 -1
-3.2642732976970645 5.319026343503513 -10.174289820622125 -1
-7.390273963307661 10.643607443865658 4.8568412887010854 1
6.09617393458544 3.8757633233024102 -0.8145622077020634 1
-8.04809462379518 1.1987645520636492 -6.051733167117299 -1
-9.34994240919149 7.705457296010926 -2.5475283605473833 -1
6.0456300380358785 15.116583019670355 12.2709483269294 -1
-9.081816547152153 9.95766524847734 1.7006072971401787 1
-9.446152090295028 19.37502582952543 -0.22791672969745427 -1
-9.187995545282204 3.57256832481363 -3.3285880910503503 -1
12.323079596629062 15.086017372107753 -1.6510110467842085 -1
2.6919193153458854 18.265750419923528 -4.50814023137439 1
0.28615297369484505 2.7155048713217163 -11.017824940537794 -1
9.691199154495749 20.45517203277039 -6.978468170696778 -1
4.335697672906126 15.838528049220177 -10.528423892592974 -1
11.50789339057546 19.25022657101275 -4.118546401523076 -1
-8.528088830454687 0.7917596641098334 -5.162932385557824 -1
4.37179240657994 6.002825788049931 13.10521788102542 -1
5.99649113956318 17.281065437272282 -1.1152029204724947 1
1.3767136010426908 5.769406228238568 -4.798205976078738 1
-6.529622692649248 1.086202908994598 -7.9783462715093965 -1
5.090689761848306 3.106808906398706 -2.7530450239003637 1
6.1144963057447255 0.3463460532249357 12.230257444261571 -1
0.5588389319202183 16.430749079501325 7.762017790644116 1
6.327428729254372 7.331553757247702 1.6427591270610926 1
-8.322924408749534 15.743234757632987 3.4955092920338195 1
9.126925897810942 1.1540212365609965 9.793386866562749 -1
11.808514388476427 1.6421626968628598 5.430647403907745 -1
4.890512968672925 16.576151023541378 5.137789919923311 1
-1.101916600358831 7.779199109239166 7.915968196279297 1
6.360949255246083 2.330211288981625 0.9617663654320514 1
10.555446108059117 8.509536498873116 7.945399222672697 -1
4.172235184991481 13.677274400772843 -10.578185500745983 -1
6.193929937933395 9.16205235136488 -9.761740342161733 -1
10.668972981414221 4.2519781688154215 7.764965169876629 -1
10.518508607656274 9.321681190033196 -5.891021077895488 -1
-6.155605664537937 15.585110044346292 -8.332070754780448 -1
2.8884702373960804 2.0163169372205707 6.873962211480169 1
6.075775871647032 10.746146541424178 -0.8805728233222887 1
-0.13659298827585503 17.715945339123405 7.870150467899165 1
-0.9360515992115386 20.864416693480972 -10.869437598112292 -1
3.4447623573167863 13.245879725987322 -4.163266515379246 1
2.5919250348731144 5.994939925614107 -4.543491966333152 1
0.7402157705280623 2.646456914286937 7.723036379220438 1
-6.761587891131579 0.2804697660688348 -7.740086570333786 -1
12.521260018514955 7.101268042106498 2.45775966197284 -1
3.13332646918064 10.170723636900686 6.723640120753008 1
6.331970752009966 11.470011980901017 0.3824329054970393 1
5.694898510895513 0.7568268557257881 -1.809651851275133 1
0.7094829589485101 1.2857134757071895 14.0689025069111 -1
6.357345519691534 0.48637580674532743 0.7725714592369416 1
1.1421878331340114 10.655178254351206 7.620070345530747 1
-8.05394071545306 5.598411507600762 -6.04209438097679 -1
0.4224163198407147 9.351421060720302 -4.781875992247355 1
10.632041038319924 20.44579443315887 7.824377518169123 -1
2.9634895761890854 16.75330260252264 13.603622258136948 -1
-8.562933077743928 5.9666358358248885 -5.088973556897749 -1
3.9496710527317713 11.671514211882538 -3.843855831212153 1
0.02448172891476766 4.1493478545349145 7.850825108894217 1
6.36509643380786 16.60261809456897 -9.670984049520326 -1
5.897601658979337 1.8400125510244436 -1.370776373000274 1
-8.73097810409056 17.59643473113429 -4.707680680818346 -1
3.92070905341297 5.066513633609523 6.140875750543406 1
3.30840091691752 9.119508599875743 13.497230667262667 -1
0.11620067777046499 8.985093121875199 -11.005518866349586 -1
4.760580501112371 2.1444607709963597 5.296963884500372 1
4.88774055829531 19.085088417467116 -2.996595273169472 1
10.324614585046039 3.129237561452287 -6.169957937908467 -1
10.725072826396422 19.058928479437846 -5.57405433997658 -1
9.275181870430089 0.21952519174199892 -7.439832639113575 -1
9.624971376885293 3.644222085893159 9.222821206330185 -1
-0.8270543761097394 17.621911744988545 -10.888397184337329 -1
-8.050174710266175 6.515347373400196 -6.0483064113221685 -1
6.25550625120892 17.828699186919792 2.147604113189394 1
3.317036436801174 19.138222940121995 -10.795573888091443 -1
5.959956033833036 18.897923445278646 12.320814573341302 -1
11.278109322884832 18.211801199170075 6.664589140332323 -1
0.8528841564650906 17.593005975771515 14.050679289931693 -1
12.310531644290425 5.326499775677204 -1.7082503114436292 -1
-8.972689672808926 17.703170696973388 -4.063768434894215 -1
-8.035739950116223 12.970189912468374 3.9754914220150277 1
11.245431458092211 20.667716241330908 6.730486866767282 -1
3.461794458038851 12.821343083138768 13.446731149203117 -1
-6.562916927149312 13.685665684256467 -7.945088007238042 -1
-2.4790045627868347 13.743768399699652 7.7770122473080985 1
0.7474121193056343 11.598873514075992 7.721395232361985 1
12.1013999849032 3.900332129452144 4.5410396364924095 -1
6.039079468055953 20.60050378786442 3.003396628322906 1
6.983532452351923 2.0146693273351195 -9.311205905071748 -1
-2.4443158163321983 15.713520494492963 7.783485851890999 1
11.722834252619336 11.01698661459128 -3.614164671234896 -1
10.740730945203062 6.10595422339021 -5.5491137996164515 -1
3.636114525688942 4.792005803385876 -10.7227725799654 -1
-4.253488007210652 10.57852237919463 -9.689420584201578 -1
-9.348643452609426 19.57110039954794 0.5572737253443512 1
12.605157156342022 12.056725332721673 0.8572023298769712 -1
4.743222507763971 20.784636932409203 -10.392487159262153 -1
-7.681731083596245 9.025233525420164 4.486890033612114 1
1.443127523973909 8.743470712456848 -4.792312946300177 1
-2.2629368193731128 13.185423368770673 7.814797461100592 1
6.584873101290549 19.054734902822013 -9.54896506638192 -1
-8.951787570214282 1.4578775152122256 2.098642173328036 1
-0.8298342662107648 11.558466003448956 7.915060411386449 1
-2.5875376141661315 3.2467225378272557 -10.436564009916443 -1
5.477899208416571 15.089776807094584 -2.1964534633284156 1
6.321940148253748 2.8435449415108964 0.2861091709305531 1
7.18244234986826 0.09547579442589804 -9.184279742394171 -1
5.502024027270618 11.287839697239397 -2.1566768787023745 1
-2.750920509712051 0.34844883956984096 7.720820212205438 1
-5.768776432705536 11.245805245560769 -8.663130043978876 -1
4.694326379571174 0.9595334337789926 -3.2050868429187274 1
11.755770923290225 3.233566681957967 -3.5309132045113634 -1
6.688341209380036 17.703219391709986 11.869286664072005 -1
2.7359549898693403 16.756517695010615 13.668480025130743 -1
11.713700141659473 6.375480591547454 5.679131462895204 -1
-3.8177513732796893 8.368361132202887 -9.918789413976413 -1
8.214288726141643 9.435176190188447 10.6906626929177 -1
6.0118998547566775 0.4312387155565591 -9.854264487296065 -1
5.206952583149372 12.968636416308648 -10.216549047934482 -1
1.9253679289707515 16.895652299289942 -4.722109815384279 1
-7.452761605289972 4.91761224036595 4.780885907792868 1
3.424259306740599 8.402696187602283 6.527146610641681 1
-0.12331216553533575 10.359597381004004 7.868685436146705 1
3.8959051671832463 10.53950349707329 -3.8817084265892148 1
9.216507125356788 7.003252392814056 -7.501132667128985 -1
-9.475868925532733 2.2138258617135156 -0.8302179209054782 -1
-0.5792518872138644 13.45696459034696 -10.927271886187091 -1
-3.5788424438319884 3.1808516018975683 -10.033817813023516 -1
-2.8478145342473202 4.098709836961934 7.698442012813708 1
-7.822098267384767 1.205220549513304 4.293182852841085 1
-6.008347446012678 19.209635492680434 6.187492978725738 1
-9.082558004608277 17.44407191549153 1.6981476017553618 1
2.1882232024084036 3.3390898335783596 13.807677156279881 -1
-3.036854740813874 18.22184018529233 7.651172982303425 1
0.5634213181154039 10.65326228700012 -4.796343156157932 1
8.996992029845002 2.6943287849065642 9.931980594029122 -1
12.036501238524586 2.375472758391195 4.758075276992809 -1
-1.3861387299483579 4.678753390642142 7.906944529019097 1
-3.5954080682159373 18.686576475569694 -10.02607825475531 -1
-1.8498259608457588 9.469363816481133 7.870361982676833 1
6.092551143490183 14.64140309335114 2.831011100923824 1
5.868245766402111 8.196093226892696 3.469417618746394 1
-6.293297288629811 13.075098967956599 5.958676905302743 1
3.4251857244651123 15.045410334796765 -4.174117931397491 1
-1.6119811598520266 10.518044023692806 -10.72594836697422 -1
8.804534349041745 15.961705709189097 -7.908037662092009 -1
8.059739384043377 17.484678816483672 10.82663302853697 -1
-3.2616427625108257 11.758815944695938 7.588667591907655 1
2.5268484223957284 11.420903783266116 7.0730541853781554 1
-2.9249203481436394 12.347411911878964 7.679740747762355 1
12.495635218549756 0.5282393835698997 -0.6641295101700648 -1
10.599439581684146 20.771139021766057 7.876245040604224 -1
-6.767332078513693 1.486258707698005 5.5303154369307155 1
0.09765854063657547 17.169918559365474 -4.732016256919833 1
1.967981399952555 2.8777509767889864 -4.713566907954357 1
5.88318013276401 3.2134125451986035 -1.4053492720903895 1
-6.222232662018211 7.544075647822375 -8.27161426817235 -1
4.8200127671705495 5.322711361331676 -3.072025529580691 1
2.5121268270835073 4.594052178422374 7.080613368644432 1
2.7522441390717174 11.831052860946087 -4.485686064640679 1
-4.3799877579148925 10.081310323710758 -9.61786660683556 -1
1.0450048402398595 1.9539842432037302 -4.814030889467006 1
12.504405732016805 10.792037735418472 2.5962598802669428 -1
1.9127780358981912 4.1457735986768585 7.354891344285052 1
9.05387409415618 10.085677151973284 -7.666552938071012 -1
-8.291373114038231 5.817425342659747 -5.628162659644647 -1
1.785285706185733 0.220158625544576 -4.747497173150192 1
-8.18785251971093 18.643405234954727 -5.814295112434795 -1
-0.8014977804542561 7.851867817655005 -10.892677481104661 -1
6.3609857558614955 8.740556920305716 1.0033650962692198 1
11.533700062047762 18.429232502182508 -4.061180361898712 -1
-5.1340400131410275 15.97618942893554 -9.140680049564514 -1
-8.611755102909214 11.510360000793634 -4.98259166534227 -1
-3.6538905417507515 18.949160238861428 -9.998475700618787 -1
2.044443360717082 19.334727838269433 -10.990955831193185 -1
5.360524878103892 9.774256864754257 4.467262466018458 1
11.04383494170755 11.87858220198759 -5.037387809597857 -1
12.481560116138013 0.599718746425661 2.766598579027868 -1
6.304070199212982 2.9469429911163028 -9.7037648133527 -1
2.6931819781193123 8.399962026785165 -10.910094410405957 -1
-8.854800304454352 17.369052217451028 2.3611270815196628 1
12.474797337506446 9.563218769908188 2.813922653073265 -1
-0.19897711683379254 14.56524732540607 -10.975643826421264 -1
-0.0031541616920850372 13.397587258112628 7.854382580468046 1
-9.455813216279719 13.773543572077196 -1.633059439763345 -1
-4.6087876286023475 16.155698889161556 7.06128663734124 1
1.443833206614529 0.004772248197607354 -4.792245446993636 1
-7.601895024451326 6.314604341640301 -6.724054909649098 -1
12.56438816140914 14.604901256448356 2.0205737759172187 -1
6.038928333715198 1.9086358572349356 12.274879122876316 -1
1.7073311395916824 10.996598004408453 -11.017812373239657 -1
3.571665060166361 18.78649560124388 -4.0902720098099685 1
-5.676983494185394 20.237823212261034 6.429746039851364 1
1.9649132354629826 14.819451936811996 -4.7141948352724805 1
6.338108404530546 16.044606627003468 0.4499727546626656 1
-8.193251908706337 7.236765028013471 -5.804813998919254 -1
6.330940166059153 5.288856892837985 0.3718285177046639 1
-8.13582541388628 14.011391422935223 -5.904442956073271 -1
-9.473643603438278 3.1354053167806177 -1.2577093877741896 -1
12.184406459194202 9.889250537832272 4.240741512762965 -1
5.573846418207689 0.46813068909287137 -10.060655089895334 -1
10.432847697393127 15.95393217452579 8.13325731965862 -1
3.674157305390424 4.318798678038441 6.341339868147859 1
4.716144113846369 17.652399956645702 5.349289978257915 1
3.4639478058757076 16.271940979470315 -10.763265629411228 -1
10.570718885902364 3.699444948501948 7.92149916500274 -1
2.140754894182519 18.57573460247669 13.81863314652499 -1
-2.5844261175068093 1.9543430346259574 -10.43764931649388 -1
0.24517045071503327 4.245957354030145 7.818792435895632 1
-5.588053966601602 7.820515140006697 -8.806932569796164 -1
12.39203084443049 3.6467699262358027 -1.3098276925663181 -1
-3.7922207648065185 7.249908597220793 -9.931435027130163 -1
5.219975729067674 11.922508104443251 -2.58231592924016 1
3.2033766302169617 3.2959918724818253 6.678167224454747 1
1.7456480733436934 16.29054904417816 13.903100734873608 -1
-7.029506216913574 0.7068931323688656 5.264014545861089 1
-7.74591301692186 0.23012879457377267 -6.519565064565617 -1
-9.364170417634982 6.7225904655686115 -2.458517070896007 -1
6.296820873052108 11.061269197694422 1.8930482821209726 1
6.273898297001988 13.22425786847234 -0.05666203732439144 1
-9.433701768522567 18.511790495473313 -0.08806471116538588 1
1.2948425411443811 13.463922630297382 13.985027005482186 -1
-4.558764587926298 0.4764462258139168 7.085877022933584 1
4.937926588714186 14.598996254811178 -10.321423997752268 -1
6.346120135637384 18.57768775944428 0.5539083858511341 1
3.3244482904697086 15.779276204056826 -4.228273098460911 1
6.1754517887146765 5.524637393286918 -0.5276351712377421 1
6.227811679998463 10.65906429412493 -0.30008811524842194 1
3.334142234652952 2.608011289493297 6.590194548905988 1
-9.19185803847301 12.783239543962852 -3.313124698654959 -1
10.126190545735184 14.55956887813117 -6.438950017331794 -1
11.753287373619077 1.633510866693872 5.577235041861199 -1
-2.9203037095353173 8.48571144619469 -10.314212342782872 -1
12.53833599331453 10.783224677585077 2.3023937758308164 -1
-6.242578057665208 16.948392098608267 -8.252940379771719 -1
2.8508865540943598 2.0782925209584144 -10.884580468013313 -1
-9.181237708846679 9.923166290993578 -3.3553873452113625 -1
11.31792053261711 11.91417880906939 6.583021356142459 -1
2.46153213361087 11.255657560400952 -4.586149173697465 1
10.767831107854484 3.8695206311230534 -5.505625491601262 -1
5.956282415672531 12.322444346680342 -1.2233463213765603 1
2.766705204882665 16.504131750752943 -4.480175929994722 1
2.7806726489423355 20.95944303278558 -4.474806826396552 1
2.4474543125171855 1.107321566069447 -4.590524762062315 1
-9.466967242150753 0.8962559356358943 -1.4372353766283805 -1
-5.332700336033733 11.107624423148883 6.6567840667988785 1
0.04667701535656214 12.67096870715998 14.13378736472913 -1
4.897107383782669 1.7273217589799528 -2.9859460186083986 1
0.43698666363538025 14.906129118875306 7.785659580413977 1
0.2887006841907977 2.4389062585682986 14.11376211755926 -1
-5.063831252019516 4.143352082370168 6.818014143177433 1
11.61647983224809 16.364994590449328 5.919227657138063 -1
-8.011790208682998 9.573457193529128 -6.111049686380851 -1
5.842469719410471 6.485842501181792 12.387853414937561 -1
11.516923337371338 7.721191365270893 6.151818301207678 -1
10.52626581711432 16.029461089966155 -5.879503256862579 -1
1.4801637367432152 3.7893971932944823 -4.788631601077837 1
4.7567229463537535 2.892599989429123 12.93815330713013 -1
-9.445752249534653 10.518078391153132 -1.7682602596902492 -1
6.175958200104021 0.31295323168645994 2.521260479117264 1
11.96889403551631 7.293180130798663 4.970609149852508 -1
5.847572534431202 7.092481832919098 3.5193846954667687 1
5.810738102655751 10.597256895840209 -1.5704650085619885 1
6.055798273493523 10.339961634035827 -9.832322369942496 -1
3.396537581707143 7.356207969303394 13.468456989974063 -1
-9.218571837267206 4.250189958938854 -3.2030703519369284 -1
-7.726325842279637 3.3588263592573346 4.426534913701376 1
1.0180501409988283 11.781346950194651 -4.814319126380506 1
-5.6414458719912535 9.369687914398803 -8.765129561254211 -1
4.496842884595938 17.961279547354756 13.052470115909049 -1
4.159417782729382 19.134793079803895 13.19150591249614 -1
8.257687992149046 18.407860653763997 10.651717902051695 -1
6.360185372345614 20.27401373894111 1.0902638693412379 1
-4.2372351907139265 4.248537424877317 -9.69844768296705 -1
-5.8682173459198035 15.253893037029448 6.292927529263819 1
-2.249316978511407 11.997678340658627 7.81697737275687 1
1.7102626441380684 12.262473921825098 -4.759404166546752 1
12.206544818792066 9.591159843628828 4.155518888261135 -1
0.6415377721011594 12.22432771386234 -11.035012818696663 -1
4.0647835466928175 1.4227139676414224 -3.759464445373448 1
11.437138109849343 0.12496097507708503 6.3296943160068375 -1
10.724254180349245 9.828246737926117 -5.575354578427529 -1
1.1592504042407088 16.594782594528056 7.615182273733607 1
12.300537813388743 19.38192601729121 -1.7529376899919749 -1
-9.471920040308422 15.125069453695323 -0.6755887174128019 -1
0.9746484938153113 2.644551710850803 -4.814467020079773 1
-7.127094470193922 15.100941795915007 5.158824350696646 1
-7.8012327684819045 12.925379657763118 4.32268320525175 1
5.414278338096826 8.121086452181647 4.378577874767795 1
12.531962702507174 16.48949483044801 -0.3647825672096506 -1
7.876226080769387 2.128225273703815 -8.694602395428484 -1
-7.0228329992461065 8.461695296876595 -7.452100292021835 -1
-9.336426503684642 15.590330213498863 0.6285313084134873 1
-9.239613524648643 0.26111003755195916 1.1063083619439795 1
4.243468297740208 19.491836070257293 5.849210835605669 1
-5.7168787335412645 9.664693205521125 -8.705100818802027 -1
8.628325384512152 1.462125387652274 -8.070400778423904 -1
4.049042291225955 19.108548294066235 6.029129374630389 1
-9.422900814041363 2.5893944983331267 -2.0104247886554636 -1
4.509359313418938 18.79041492469118 -3.3860419599089067 1
4.899741553977532 4.306260476454662 -10.335677882717304 -1
11.58280190213129 19.571764503662077 5.999318116806298 -1
-8.114425658305075 10.456511915779442 -5.94090369839239 -1
0.7322372944742132 7.56008518874913 14.06611096213847 -1
6.355604448621568 3.378295050759647 0.7263181812489939 1
0.5538439378101043 15.253895393547296 -4.795495609191211 1
-8.288847810724375 17.540771915201024 3.556170627906033 1
8.093361726102975 6.696456811268424 10.797408235759985 -1
12.595340762507883 20.539372658747553 1.5137953825950203 -1
-8.885143830819617 9.92693490405049 2.2816257926952 1
10.504025889426224 11.889032319930376 8.025042831656867 -1
5.800259319657876 3.0803725937470143 3.629696862715695 1
2.0581279071628638 2.094632781575533 7.294169064703974 1
5.03717135419019 1.8168596551054295 -10.283646964975333 -1
5.943508830756538 15.813290371232771 -9.887984441809165 -1
0.8560278185270509 15.588075301966391 -4.812875584422328 1
3.207176555220907 6.625633532641058 6.675668010663782 1
-7.391308094981492 17.751602971214695 -7.004930804831645 -1
8.18573573836805 11.225479808991388 10.716100531735774 -1
-0.42187763839407083 17.483977444109154 7.896097368225402 1
5.289888940124103 3.9067136812744794 -2.484172814751293 1
-9.465719881224679 5.7950135417317306 -1.4632161822940264 -1
3.4121630780975054 12.244209489769103 -10.774888910478317 -1
2.4174922021942837 19.528980706005502 7.1282274674366395 1
12.379857297197614 1.2032033469073085 3.379591977302758 -1
10.276929703449266 17.18424430175566 8.36252737036309 -1
9.79805850088741 3.457082463398469 -6.851769612797049 -1
4.508684294398967 9.233828219366453 5.580711749764854 1
7.430108931843952 7.696935973721461 11.339713783714826 -1
7.411089559907697 1.3813545418057742 11.354256170339093 -1
7.90095264031663 16.543986468407862 -8.675713367832698 -1
9.912223803914541 10.760149253943052 8.861593148833117 -1
5.467665066079855 3.713608587273713 4.287403963695134 1
-9.36679998056432 10.937455568344886 0.4446156807985745 1
12.044901552530085 12.411190349649987 -2.706859302860108 -1
5.69251824217173 9.335310904578243 12.47119913174584 -1
-2.911613080521811 3.0031681074424927 -10.317568063371596 -1
9.903442815177282 20.18654630834862 8.873025649145198 -1
2.67128186697608 8.77316530337115 -10.913455175905185 -1
2.0149614682348087 2.730527881490284 -4.703702573615221 1
12.56872453891033 13.670854593956179 0.030036996383269333 -1
-2.773592936365958 12.3460134261166 7.715695518322924 1
7.621746507217704 5.349487616277667 11.190163081583071 -1
-9.147123840096407 6.036089436124004 1.4735572420103955 1
5.452009295779442 16.91085605404329 -2.238359161107517 1
4.537872141262111 1.180360167733772 13.034846117538242 -1
0.7785696013570315 5.842025451184186 -4.8102528143238255 1
1.0335807142084843 19.67093924336946 -11.040643917267333 -1
5.852546428233842 17.606537969506288 -1.4768379642782208 1
6.140851595019438 19.07165094113583 -0.6596347991931636 1
-1.7394501840346552 12.486958836883531 -10.693780630777097 -1
2.4024772002834496 16.243527709023272 13.75604291049724 -1
2.951700646026665 7.226099880955232 -10.867058398031393 -1
9.303795520158749 8.061212711341733 -7.409617529818013 -1
-6.64180917210477 7.936765894389637 5.650032918662793 1
5.8163205376362015 8.945247214059235 -1.5582107684212945 1
6.028013948184579 14.844854790921262 3.037129534577512 1
9.511601902784381 5.127583214736883 -7.183618064477575 -1
2.572897412977901 3.7334086152204877 -4.5499578575206066 1
-9.291286666646144 4.545774742855284 0.8674201769853886 1
6.35940198647684 15.212198364532195 0.8454413309893496 1
-3.5229612482951023 13.261227405103142 -10.05967005450127 -1
-8.774588759494039 16.68523297886706 -4.601039245799444 -1
-8.113128911610605 16.500088790446984 -5.943101792531737 -1
12.301343551216831 3.0445238000415973 -1.7493633849260781 -1
7.375915415575972 1.837251241198555 11.381010498425782 -1
6.331834812451422 5.391895412324269 1.5982929680125895 1
4.819242678492364 13.442465659628368 -10.36521876878952 -1
3.2797618765461 11.963865692231073 -10.803444470940386 -1
4.643346143239676 18.676207102926004 5.432839554780396 1
9.511467002350226 19.280979181550872 9.358720009143395 -1
-9.280780602051225 3.200083722993683 -2.921486258839769 -1
-8.519806025375201 2.498685107862607 -5.180283441819192 -1
0.7705703023020709 0.21112653943177395 7.716064621391189 1
-0.3944567710196444 5.876629257366733 7.894059793600524 1
0.07627863677036581 2.5813643321098825 7.843886462502778 1
2.763956786838462 9.61035756833452 13.660723826910788 -1
6.238321484792934 3.95643119275205 2.238090888375586 1
0.037255643870016945 0.1598409640782139 -10.998898394267513 -1
-7.715970625211688 18.82309751464453 -6.562976131311617 -1
2.4476478114143 20.948611925442584 -4.590464921217708 1
-9.038287909536235 16.92608512763839 -3.8612315662710657 -1
6.173573159169921 0.633526599756012 2.531025655650032 1
4.216420799884958 11.24179317343005 -3.640968585341525 1
12.15325795807085 12.810010521225898 4.356782058463594 -1
1.2679487970072916 17.87989644245609 -4.805893895119621 1
4.033625020731314 8.609118081014659 13.240690500828611 -1
0.4285647071171718 5.489337532202233 7.7872187426906905 1
-5.690344438292698 15.85061062174778 6.42044371452138 1
5.734027670761727 16.61259563394746 -1.7318737714363253 1
5.503098063072222 16.53308376192406 -2.1548892595608597 1
-5.935149983377929 19.903419240078577 6.243127882750729 1
-4.712421538690007 8.40437295414029 -9.418541636171733 -1
5.64852830496892 13.822544028578765 -1.8982921487849782 1
3.310140408272028 11.038360362522127 13.496669086359171 -1
6.359325388686732 8.781001017382712 0.8420718460607801 1
9.17747572153404 8.558241629660207 -7.541427638224881 -1
-9.126146793327722 7.79664703366009 1.548917065199308 1
9.761493954225623 17.72178186006819 -6.895526369698911 -1
2.140931079069349 9.887347632232185 7.257962184005071 1
0.6920648585842162 12.282891451186261 -4.805836105305043 1
-8.543785075879917 3.480078454152223 3.072736549779999 1
3.8420660331813585 11.490323114673588 -10.670567034056862 -1
3.1102135677751863 11.315188951554584 -4.334370362996339 1
0.24345706763243702 10.660229034483244 -11.014982886195133 -1
-0.9101638497747069 13.504698549295004 7.9163018492286845 1
-6.678279700893483 11.438358472334519 -7.827444356019645 -1
5.7172363385871074 6.683343361894088 3.8113178901355615 1
4.202243722973993 16.5520181319847 5.888483561354954 1
7.989542825452858 11.852932048605675 10.88702343818774 -1
12.469950747462125 8.727156065175178 -0.846107749044948 -1
5.961868544056738 6.886543907840179 -1.208695243152945 1
-1.9919083704949812 19.33361091211483 -10.625154117166344 -1
11.58710554554563 19.539854560808493 5.98916646458663 -1
7.572548452446827 0.2245267860881971 -8.918291281759089 -1
-9.468098188639479 1.954727860573783 -1.4122853815479244 -1
5.726598028524422 2.8158783156866134 -1.7468635125685612 1
1.8679332473954788 13.174077511067628 -4.733017523008035 1
12.575141246466307 5.495526233158359 0.1171582001819287 -1
5.191466633498281 12.233402106260073 -2.6211192491863056 1
-9.414846771813911 11.652941745908755 -2.0829547700311912 -1
12.044325241387416 4.207153950088689 4.73263018667534 -1
1.8114155623426111 13.798682520353841 -4.743074030827709 1
2.6979782945933817 19.807344627635835 -10.909352449178613 -1
-8.971925261052709 7.492121365382886 2.040845232212221 1
6.305778694208425 0.6678265877093392 0.1544208720818613 1
2.9767263433818667 9.94406782195102 -4.394487803516581 1
1.5001010389861988 1.4166094379329064 -4.786532649671219 1
5.287880022092616 10.484331101290742 4.582551262462896 1
5.043828446109981 14.535018351058584 -2.811778347869386 1
-5.332274630738774 1.5984699371745308 6.657050173430329 1
1.973158196989464 4.826430621578941 -4.712502907480787 1
8.580084090236323 10.444725211293056 10.351418526645979 -1
7.750669107705692 11.398605261410607 11.086378282072026 -1
12.063785124524552 10.39363278541978 -2.6456582367791532 -1
6.352568203846925 16.826942308686355 1.3161621194959543 1
-6.969050571896533 6.467144520458163 -7.513212511540582 -1
10.438436792503603 2.394415353791286 8.124843266832887 -1
4.18967900740631 11.765901814394057 13.179461436086374 -1
3.1795025925609273 16.151285854659275 -4.301375014292498 1
1.1394237120875075 9.138925437151961 7.6208581747804125 1
3.1671021455852357 1.7542116059204946 -10.826432861725568 -1
-2.6465649060312813 12.57047124241519 -10.415771040078408 -1
-3.366533231890211 17.767346885795362 -10.129963985211257 -1
12.511501005577964 3.848369098695549 -0.5407177748951155 -1
4.846316549226151 19.17235301911263 -10.355360099552884 -1
-0.15931598918394105 2.1766975524178096 7.872603776975196 1
6.292578714099043 2.6633000442940897 0.060969240759207795 1
9.510815305659868 0.08556275404827707 -7.184495962675776 -1
-1.9634226891950985 16.47636961052437 7.8572515541857815 1
4.087329551067794 11.770047437774526 -3.7423849574357178 1
6.474534276018156 13.870922870195933 -9.61100712125427 -1
11.721893876913896 10.958267451497385 5.658248396173016 -1
1.934274629515792 16.71066909383972 -4.720355991908793 1
6.341488606137242 5.2845271841555395 0.49113428229785144 1
-6.326854772682569 11.14011160374645 5.930390338630259 1
-0.5426541661227519 1.182389266609025 7.903923949367896 1
2.1026524607511528 2.883982613647585 -4.6840321131133225 1
5.050230048114893 2.981749315738313 -2.8038480430877164 1
-7.37585433912592 13.939127113022169 4.874125185549344 1
3.3416581084159467 2.2646299557893093 -4.219218951460276 1
12.244780872175644 15.89772584826671 -1.9892845790374574 -1
12.265669884351388 9.539353611441026 3.9150525206114706 -1
5.617466828494393 14.576680807089069 -1.9556906409915156 1
6.329919677153388 7.491274864890778 1.618007156995136 1
-7.346248293460786 16.128372064847145 4.909332109850874 1
3.751448733022853 17.163882558018052 13.34591361067646 -1
10.168744996613803 19.461617546165307 -6.3825716826570575 -1
5.635319154161398 4.3477888493003105 -1.9228877457579405 1
8.523667941687597 12.620086983317265 10.405409170137329 -1
12.497153543896548 0.7240339041278507 -0.6527274525072887 -1
-4.4679821251345055 6.152785141898218 7.129454949674634 1
5.855555470935752 0.8883207285504722 -1.4699285525171903 1
2.455328982708762 2.042622703327125 -4.588082683688694 1
4.284009918756709 6.319246635992157 -3.5853142212097375 1
11.435919844338432 1.2655990437387203 6.332356046495419 -1
6.296558348722962 12.24673631953064 0.08808957998894613 1
-2.2359988845844234 15.21274797917219 7.819085924954423 1
-1.2669394069616984 15.766134311866905 -10.804825414991393 -1
-5.731406808636184 14.660087430122713 -8.693407302881042 -1
-4.630593746476587 2.38053424317722 7.050437365154768 1
-3.126100950352199 6.02614779853137 7.627182339334744 1
2.972096572038016 5.505036672227998 -4.396492772864814 1
-6.865011935569894 1.3907893531114395 5.433756390727567 1
5.511532013939407 0.04571594846866733 -10.08820147393544 -1
9.758005705827594 5.656232392934216 -6.89967858511508 -1
6.322491514613125 0.710026670474106 1.6892345129276578 1
12.350242084698182 9.82511196970942 3.5297642605757633 -1
1.3324979717356589 11.357357624601683 -4.8016252801439485 1
10.53297534295897 4.300285016199403 7.980358462001783 -1
5.489923256637287 4.8047663811449555 4.248419860507127 1
5.546757143157342 13.71995283292271 -2.0809674945143257 1
1.1190070324055563 0.4120601099342367 7.62664255874997 1
12.577632026503327 6.287738077553373 1.841850937159871 -1
12.556012367526147 10.08872714406424 -0.1225527566318384 -1
-0.9232056887176731 10.946747978668364 7.916426362837837 1
5.374815712741328 20.138959070377886 4.443976461095678 1
-9.21202436111055 15.974274016661681 -3.2305685366098302 -1
4.003325041054928 16.871954569511683 6.06955039048418 1
1.6059531420350392 6.920773134388654 -4.774012863363617 1
-3.8713889331394147 7.912361250499388 -9.891942262411328 -1
-9.44143104207488 14.428188677775585 -1.8195427806718465 -1
1.9675282136410284 14.852310228473232 -4.713659782138408 1
8.94915433450097 2.3277763182482016 -7.769707684966059 -1
1.5371243729707447 5.6228076679372005 13.942892339443606 -1
11.714129677338804 0.6411882449108496 -3.635873034337189 -1
-0.7968998642056632 8.420873356810699 7.914315221556335 1
-0.15269722599473773 0.1285663611517609 7.871896117510776 1
-1.3727816535342885 14.046305886440491 7.907596481643981 1
-7.632881333141841 18.2468846997866 4.55179582749142 1
-7.449682597905174 7.892284551062668 -6.929085007258673 -1
-4.702510521718002 5.903319072643406 -9.424728123725547 -1
6.350750752467347 2.1283633759371794 0.6275585560522025 1
12.29659195490325 16.92003161255406 3.780615433801778 -1
4.55677252891407 10.169756434602242 -10.456806802803161 -1
6.3161420197096225 18.4101759892011 0.23614068380877562 1
12.503978938869912 3.1966565322403135 2.5996101249436045 -1
0.911576643349013 4.614043086083341 -4.813985243709738 1
-2.5102162804048236 15.398693012355611 -10.463216693443643 -1
6.237151373168849 1.3759318834327106 -0.2548113567887641 1
4.676823580000735 17.125736920287643 5.394745800243304 1
-0.693170729457685 18.05523599522298 7.911068922057695 1
0.27608001547319655 0.6638211648867454 -4.762300413246205 1
-7.403197166116588 1.4028681039109248 4.841274261742698 1
11.516315982092 9.933946576255469 -4.099910533797024 -1
0.9385647238574164 4.317973033576195 -11.040558837265785 -1
-8.975629486332176 4.7343187833598535 -4.0550036173334005 -1
-8.247925561283154 9.121949867227043 -5.707424301592935 -1
0.6366049021688861 4.891109767832054 -4.80217418190679 1
-5.406909723328077 17.396587698934965 -8.944650565325984 -1
1.508875353735827 18.72028052569364 13.948031158456624 -1
5.848687508163829 17.100442498753615 3.516718458580846 1
-6.975519417820078 20.187299789365333 -7.5059139190665425 -1
12.580962632426559 13.940794355189201 0.20451054486378428 -1
11.290401599743097 0.965094258427331 -4.5733837493034395 -1
0.3023129479461202 18.386625430192066 7.809440475642987 1
-1.8021657510005102 19.801953656327182 7.875375001894656 1
5.052225586454167 20.351222054841944 12.800263899989726 -1
5.856464570994099 15.735327779438661 3.498031336936504 1
6.115314635394848 19.58746434266863 2.7521583662616154 1
6.118551869078531 1.8566431642766554 -0.7388887425401983 1
-9.379076347789168 17.521282001636283 0.36297073139890407 1
4.505736245151898 15.358992246232226 5.583856875403529 1
-8.610471893770253 20.190362254536147 -4.985430706254211 -1
3.4254477990996204 2.4080086742938134 -4.173973372968091 1
-3.420313474074066 5.533098922636551 7.540356532075952 1
-8.455742963859807 4.145981167541053 3.2478751388975966 1
10.478608778048885 3.057378829060085 -5.949814253937857 -1
5.583333299528798 5.660598447166579 -10.056422448327337 -1
5.655437176783675 1.7620077804420964 3.938016496801286 1
1.1334348590566425 4.110616094454439 -4.812030523913678 1
4.685102738104742 19.89790294187309 5.385239547893356 1
-5.679528846912592 20.364477344466252 6.427976803207799 1
0.3788965447812755 0.08182957779580657 -4.776543340636802 1
-8.829412225218391 3.870151728775159 2.4259862929736693 1
12.54055637042397 19.487288019229528 2.2808006107527454 -1
8.884836294014752 14.41650596185998 10.048499797510875 -1
5.6486148953855935 17.11067895068136 3.9516059977638682 1
1.1964465388072378 20.79165614096835 14.000890820991462 -1
0.2694378511397912 1.69449111692823 -4.761300289127673 1
-0.14223298186770778 12.043746686201775 7.870765670353214 1
11.117595824056874 18.196887097449807 -4.903587486504273 -1
4.516573016063812 5.17450817873972 -3.3792932822047805 1
-7.6014896287871005 12.46003862560493 4.592858758505842 1
-3.5813214281484753 20.493102313388672 7.487723952350961 1
12.559143454297066 4.07003431558948 -0.08698516660633528 -1
4.729489245030142 6.151666749319225 -10.397348462037376 -1
-1.6341605590727304 10.4248147515019 7.890753620790792 1
1.1378036256411175 13.728792634667808 -4.811889837370176 1
2.8158063367873467 12.738864721479663 -10.890455571598908 -1
-6.396537220052206 14.865359910780226 5.870708733351961 1
12.447963787223728 6.598218497629496 2.990490705364538 -1
-7.700120240200476 9.362923722560627 -6.585761164195489 -1
7.265648331058068 6.322886038054417 11.463717256929593 -1
11.757162105459491 9.182960704433258 5.567123136011464 -1
-8.336767100470775 1.0662672452522244 3.4705486114115325 1
0.7918879207383207 20.023739146056187 -4.810793168214365 1
3.230882338790069 3.756761763717484 -4.276100609514929 1
0.9253477612039248 1.6118070827417297 7.678491734873468 1
-6.638889409757511 19.67252569487184 -7.8680399156613 -1
-5.321139012337095 17.552322068602784 -9.007712065613418 -1
-9.476528389691422 20.424990786437473 -1.1150558957557457 -1
5.947585848293088 17.28667158479544 -1.2459297306278916 1
11.901981795608753 0.6951759965315188 5.169373433680799 -1
7.28821061103292 11.959438440331372 -9.114440447439824 -1
-3.0290442152369934 3.0978164274687336 7.653221184562449 1
12.510566090444062 12.181134705820167 -0.5482692768648666 -1
4.181069869446104 1.7533026991198584 -3.669366517734662 1
3.015510517811621 9.561032786903313 -4.377482604857471 1
-9.465717457880821 18.04229928261423 -0.5266225801460271 -1
7.931197298350081 6.837105071559812 10.936584154674211 -1
6.031369863136674 7.089494930496552 -1.0158603045308239 1
-7.994697609335642 19.280866911583683 -6.13866023780282 -1
2.8161984100754704 13.381266361276479 -4.460941422456827 1
6.305885701247757 3.4849637847996475 0.1552226395747476 1
3.2480568299482906 18.35658647550189 -4.267496992320387 1
10.261514188016543 2.0069042057294184 8.384642986926309 -1
-7.854602163354027 12.392576111959647 4.246713751996772 1
4.817232392245418 13.287743618239777 -3.0750644581705266 1
-0.14561692416876643 6.985751878119681 -10.981349253394468 -1
-9.444035852523811 3.3847826817668785 -0.20237958885431306 -1
-5.618590965009845 13.45626582764619 6.469958779407752 1
6.323134385482105 8.142539072196135 -9.693575024686316 -1
6.3260288934352245 17.147084983444717 0.32365317599204285 1
-3.863110163013141 4.815713959945614 7.3866591715946885 1
4.230534544128164 13.96744480676005 5.861599594012661 1
1.7860734677712904 12.087756409193247 7.404946694051286 1
6.351382787354567 1.6668120477150503 0.6388243007483024 1
-9.135561624959191 0.888762325459601 1.5154003939019767 1
-3.6333441365283528 17.997472438322863 -10.008222915861245 -1
2.807001380776303 3.098384877371519 -4.464559841654787 1
6.303392941043221 2.164631826101955 1.8455252587911863 1
3.585846511745484 2.2333237983378575 6.408906285497649 1
4.3053824512016226 6.158282694571147 -10.53785614058875 -1
0.4337240275774297 11.13245332686154 7.786264738581151 1
-6.646935534494259 18.192835937004393 5.645236752052785 1
3.9903044917570183 18.244458676001635 -10.630423994851364 -1
6.195771969823678 7.48656934178617 -0.44393673026408853 1
-7.44863256762524 2.0606766864597024 4.785958594844701 1
-3.668585708027429 9.202773010082824 -9.991471147994979 -1
8.71704967666961 19.897210892799663 10.217677935951265 -1
-1.7857867684127473 0.8734954153829754 7.87703134513557 1
12.32136831085195 6.527798698429908 -1.6588941276187992 -1
-2.658311125891216 16.42802515333074 -10.411586961589164 -1
5.043094550079733 16.705713111753138 -10.281358808798123 -1
7.3053969385491175 17.904193631303915 -9.102935079644219 -1
3.7422927052321793 11.42171230285074 13.349211061935911 -1
5.153554626204119 12.403199977900714 4.783381147631293 1
1.9975974775708631 2.921267422991354 -4.707403073310929 1
5.085942122858712 0.7291969103708361 4.8790373499104955 1
2.114543701707112 3.260451097451093 -4.681237973688459 1
4.062101714633479 15.895308946292124 -10.610201733252802 -1
12.57826110036399 7.744430953269917 0.16282639381424263 -1
7.861813279660935 5.939059630950976 10.994784458433871 -1
-8.805059194769346 5.077773135043723 2.4868653390251607 1
-9.476604509181774 18.298390273167506 -1.1089090633486698 -1
4.42623799200773 7.7089820901150325 5.667254223746488 1
4.531725983664063 18.648751362468307 -3.365038530837563 1
11.600387874963948 19.947451844495465 -3.909139273408105 -1
5.905688348742917 18.327936952144544 -1.3511188693347043 1
11.889609007560324 7.812952814544788 -3.1725759369072657 -1
11.788922425904357 13.562993300332161 5.483267093718598 -1
-9.424022858299011 9.086501352257978 0.007090963401881293 1
9.637071841164321 15.342608812813683 9.20811424003909 -1
-5.831997777419897 14.677839955638976 6.319455915112913 1
6.2705752777525285 9.035636290065968 2.0618709202923586 1
-2.327549611377119 8.481307551793684 -10.523579367887905 -1
-4.97629916264157 12.623227204386058 6.8676271301819165 1
-4.9810016065459255 13.626595617114932 -9.244928267800569 -1
-7.336426898866577 2.395669864712585 4.920929247246508 1
-6.584068681982795 14.812372952356327 -7.923799768135216 -1
6.044376113915717 7.554310456497573 12.271684189632936 -1
-8.707294258189728 8.881454083895573 -4.764148723218816 -1
10.422868405228021 6.584385484084208 8.148245883653306 -1
5.8070382883894345 11.934427052922668 -1.5785463028983822 1
0.06877273133372341 0.7048654076094476 -4.726438282481086 1
-5.0959042448723295 20.51364146175221 -9.16703047134195 -1
-9.069197238081275 20.382373436665333 -3.7602164579047486 -1
10.611097236545675 5.9277256350220835 -5.751634415541749 -1
12.377330958975925 13.814235783902333 -1.386866897990217 -1
5.8234233005682485 16.318805837055425 12.398576729622844 -1
-5.328853676935416 19.855395154563958 -9.002095112361257 -1
2.952029628903061 14.030268601449563 6.83619674818279 1
12.4812300142588 9.460923904570134 -0.7685632937454451 -1
-3.2324942535587895 17.6453127000312 7.597163149224941 1
-5.391020959525668 17.27293179593236 -8.956434742485124 -1
-4.492566214387071 19.533833014721324 -9.552226120874927 -1
-7.558547834062741 14.743214315038376 4.648234295493731 1
6.286575019518743 16.813134421880452 1.9624832409172113 1
-7.683981491120899 20.137846711074708 4.483869840911807 1
8.743232209501944 8.103561308093274 10.191672396675635 -1
0.4959322396613732 15.38271215851129 -11.029364639906854 -1
3.808778247762425 2.6990185927954773 -3.9410108419793626 1
-7.830344025661926 4.312016870594237 -6.394468246464463 -1
5.308320473559564 18.546826889660878 -2.4575584868831295 1
0.004833314392376633 14.612294783136539 14.136824219578667 -1
0.3483966631829681 14.928964517694878 14.108176182109105 -1
2.941707082826889 7.765613909444082 -10.868837679825877 -1
-3.0713220041424 12.143758090716345 7.642035813318537 1
-5.091506405793019 1.7599874243573805 6.802039235215618 1
8.713323163929049 12.477834758704233 10.221367627954036 -1
5.198586830173954 3.716438619488693 4.717722850613496 1
-0.2743805678879159 8.838211791102333 -10.967129304994724 -1
-9.103319415858222 5.037355389086177 1.6282362021696783 1
1.6305647523349358 2.6780955863575997 -4.770769554910392 1
4.980326849864375 18.807641722183032 -2.8889052462021794 1
10.966539041164818 19.111605946671574 7.2584466377717325 -1
11.158682307745595 13.206463624949592 6.901058980168351 -1
9.563971530677277 3.308775358192592 9.296313131365949 -1
1.8413235618822998 15.342380418230036 7.38344484293429 1
2.4316641115483826 20.771024889130565 7.121204041549047 1
-0.7628978738065484 16.374702946500598 -10.899023752991734 -1
-6.442937161922184 20.570228991022507 -8.06352747443779 -1
2.0535181072445847 16.903913843689182 13.838313486329913 -1
-4.865463813070122 8.814383502876366 -9.321040990950989 -1
6.131459516490486 9.766135961902293 -0.693516930942554 1
12.546867944712774 15.884295629243939 -0.22042776831307506 -1
12.229248740238289 17.01315355476784 -2.0516490021828218 -1
4.2557495447734786 2.9682040326018493 -3.608804427597994 1
11.394404525027937 1.704392498045681 6.422132629032444 -1
0.7511027570523701 7.508567912144057 -4.809020923697994 1
12.32395749454695 20.34463210844617 3.655731512829232 -1
10.754414425786218 14.526288138480243 7.624747845052407 -1
12.563262457275075 0.4752819949990461 2.0343423581739835 -1
-1.4089381843307975 4.469259712116812 -10.773801746173616 -1
0.33691343556107406 15.25118078408985 7.8035645151464195 1
-8.965019353101916 14.137581389083389 -4.086508886990041 -1
5.444075962104825 0.806323724031249 4.328085570390536 1
12.089047304232455 7.532433188506433 4.583439829917963 -1
6.349378462897805 15.77396634868372 0.6042429872080114 1
-2.8257485615525386 18.179104568780662 7.703647933396678 1
9.117296786069966 20.038546561871392 -7.6028132952411855 -1
1.923036432294867 18.47085992158756 7.350722441404122 1
-4.822222270936169 18.18521237847625 -9.348968126855361 -1
5.962307934875152 14.953199557732457 3.2261260284998925 1
12.063325986733906 13.93919171857303 4.670042557264897 -1
-1.9070243577414223 8.080693986052463 -10.648963734469298 -1
-8.875089341396624 3.765386784825248 2.308216746280339 1
5.56502551564751 15.635173245137794 4.112309432820686 1
12.570841206066229 16.10750299725398 0.057874210581496104 -1
4.5167624779758055 3.2874965119500197 -3.3791157095314777 1
6.2151703841027715 0.048340844947346695 2.350315386549557 1
5.548094122363126 10.955441946929112 4.143638630766184 1
-6.313011652264289 15.929993647904062 -8.187509355963426 -1
-3.746814272674564 9.264547013454301 -9.95371460511834 -1
2.2746663140167604 18.659723403598157 13.787275989718719 -1
6.3477899864020735 11.115621711192686 0.5789228942451883 1
11.651536747871628 18.58482228018332 -3.7885561827289336 -1
6.14008955817039 9.506208962786523 -0.6624123986428547 1
-2.0914245520344292 14.362169971057265 7.840511356035006 1
5.634543139103479 1.2851920795623415 12.502766499544752 -1
5.590984062166584 15.551282173453549 -2.0034565290784614 1
3.9310847381745306 14.124531658475236 6.132037239602924 1
12.018210146171194 0.21831180457802835 -2.7914964849607253 -1
4.393415824041531 14.137659912156407 13.096200503641166 -1
4.271398515422109 16.588420717872612 -3.595836354562162 1
-7.214099934849889 17.446266998284983 -7.226476376164026 -1
-5.3621865989341 20.882022706713265 6.638266753283652 1
10.718732849335295 11.908165166446835 7.683784506650288 -1
3.9500837598291962 18.0927937438603 -3.8435614881646387 1
6.359956574285731 1.9145950330378372 0.8727424855102816 1
2.385121610354442 3.54717673472516 -4.609366013564833 1
2.2469307685511035 6.942753252255444 7.209861713410959 1
6.345703893859009 20.04929960752678 1.429982497222761 1
0.3883447188653792 2.177664376794595 -4.777736077482541 1
5.5163338486527005 10.44189555231057 -2.1327399229204618 1
5.049308157105976 20.77084003316851 -2.8049918725618994 1
6.555548398586595 12.926207506268796 -9.565609441549052 -1
5.395349565029498 11.695776258387397 4.410151466313656 1
10.570636681815344 4.986046837164656 7.921628108579252 -1
0.35455696400431624 9.835893877541519 7.800506131337732 1
12.00850791885945 9.845803241426866 4.8476251557350105 -1
5.490456457788756 11.825681148887684 4.24747869214412 1
-3.4156482489556583 8.644860107583808 7.541827067117456 1
-9.053337333043073 3.7282758331857213 -3.8125355669044514 -1
-9.467763385725846 3.1989025342914554 -1.419824021373692 -1
-5.923261691612631 15.742325991233493 6.2520473244870605 1
-4.187161976264688 10.265966476502893 7.255894876910629 1
-0.521938860575766 15.31481931906518 7.902714266080217 1
-5.141916606756341 8.924336105564068 6.772580224369091 1
-8.293542919985642 15.23815094904375 3.5478777820217995 1
-3.7541672147440646 12.34815758469196 7.427100621884194 1
-0.8813404871308805 2.8784921399656582 -10.879097219881938 -1
11.714512558310242 11.859682539193205 5.67706561932437 -1
-7.829637625753601 6.183966279146002 -6.395531845148077 -1
-6.810971988276281 13.313893325972723 5.487553107897549 1
4.639673267648459 13.507937209694145 5.4369855548688495 1
12.288886692251435 11.602540217700025 3.8147411144671293 -1
6.333182904014643 8.19044425811103 0.3951523682082238 1
-7.422769880961415 5.60956299076809 -6.964236884439519 -1
6.263609621746272 16.845494799149158 -9.725239076318598 -1
6.554391499452056 18.892353764378672 -9.566263766874954 -1
-5.263874919395121 2.1333449684078434 6.699353443786627 1
5.220120423038938 9.529381025389974 -2.5821172388205396 1
9.427981040773147 8.27448111782475 -7.275974739483148 -1
-9.255873935364976 14.10451169735622 -3.039058036914405 -1
5.74108130621603 11.629664730957508 -9.984520726664583 -1
-6.265831501306317 17.70108305599465 -8.231473787896622 -1
-6.498921770395443 0.1252587211940811 5.780645284370284 1
7.925404136704585 13.564064866965323 10.941474006638229 -1
0.7996436225210775 2.411988430356473 14.057620078405481 -1
-8.888756602221244 15.883880267322041 -4.303305392595525 -1
6.5383661517510205 4.788866958543481 -9.575309417751798 -1
1.2972709443269639 4.589295097304531 -4.804061218060955 1
12.332504586600974 8.638149176123557 3.615458450410833 -1
0.18226556394801485 1.4383977520034228 14.123086086504161 -1
0.5876376964409454 9.843796991953354 7.756132724751132 1
12.564299602110555 7.443205407249922 2.021663679490691 -1
-5.205172319237934 1.7367458225149495 -9.090856569526284 -1
-7.538449469885013 2.8523997195240933 4.67384306444241 1
-9.36469672116842 19.166840507276053 -2.4551186726567757 -1
10.560193551272839 18.310482242950126 -5.828787310428185 -1
4.943119224949993 16.456949437280308 5.070552815169146 1
-8.525685686827197 15.011563746676956 3.109525592434005 1
12.588865784530315 14.077127350076749 1.653064775182548 -1
1.1861169577756878 13.318020208147082 -11.039071217478178 -1
-2.6150728860473405 8.204149453312768 7.750105302394644 1
5.794467126982847 16.0997281133571 -1.6057690552628043 1
-5.181830866445203 4.6559025562793455 6.748921534031409 1
8.136988306843422 14.84190608499819 10.759194911051653 -1
0.6765238733707358 6.39564155445042 -11.036082382098135 -1
-6.272231456835292 16.458166251750306 5.976285154905111 1
-8.035345266563134 12.7259549666944 -6.072669368769705 -1
1.9557480382822494 18.30671353315162 -4.71605870040059 1
0.5798505944626267 1.8046937695285703 14.084088213305707 -1
-4.5797830889394175 11.458689109045014 -9.500075212402308 -1
10.537741279569849 19.226449184876056 -5.862411751948393 -1
8.133011150351653 12.865891291104637 10.762692364112269 -1
-0.6187575870674992 11.745966498970116 7.907897492847947 1
12.093172432541303 6.907002117526813 -2.5480855585630273 -1
12.056749685246631 17.484694126547886 4.691834128628327 -1
-0.07026611297685352 5.148497116411745 -10.988955478926828 -1
-6.873683750380522 6.048470121179481 -7.619207346893899 -1
11.086489074716782 12.654771716133723 7.038474334073249 -1
-7.910897793375277 8.17530333513641 4.1647041263392435 1
5.216335988669277 8.658526258865642 4.691394581573782 1
12.184386687818446 11.189911108706047 -2.2245168250408645 -1
3.197081622464434 18.394467144820123 -10.820432656592391 -1
-5.64530136150529 16.050585025346702 6.45165324128916 1
0.256602438894487 17.886077360599792 -4.759339969368894 1
5.755071457871762 17.63934244687978 12.436730280762124 -1
-5.698295632289058 11.488901477391977 -8.71999557966982 -1
0.2943609337415386 11.439575519559535 -4.765002679014951 1
-9.4096308457767 0.185120790061871 0.13361209339732394 1
-6.193393618281782 13.01376592468077 -8.297912668668033 -1
2.320393451770089 19.159770173334802 7.175350406920788 1
-8.48193258662299 4.46451617325572 3.196760233620061 1
-9.375239086998812 6.76517093587656 0.3890243894175954 1
-7.07486240027313 5.494568037942542 -7.392030682911819 -1
12.160239420943133 18.76059952029413 4.331145967473059 -1
12.55526069080832 17.271466917629592 -0.13092260077732326 -1
10.480061232090002 5.494663954649029 -5.947687109797912 -1
-8.869542537684312 4.344562127018737 -4.355490999534948 -1
-5.045256849637925 11.053761074364028 -9.201641458683905 -1
6.920328326130991 0.3660094350742559 -9.350357574040133 -1
-8.147392773133074 8.765100898396275 -5.884586518251208 -1
10.259934168985321 1.86948203457347 -6.2593795805736185 -1
1.7718222423859562 20.732877651827376 13.897873818627136 -1
11.114719754875663 19.93926019459418 -4.908880230483233 -1
-4.972361604576207 15.79529369165816 -9.25069613085286 -1
6.184835674974998 13.445551731200366 -0.48961908618276556 1
-8.975269435966293 4.3759336091888335 2.031125073016647 1
3.333442648822043 3.5251896007410313 6.590676143776104 1
6.116869710733941 3.0181235691683286 -0.7447050142112006 1
10.393037038862595 9.509770784081802 -6.0734373659665275 -1
2.7791899014798904 0.09389253301711631 -4.475378994067387 1
3.703294379886405 6.610405930323923 -4.009548246442375 1
-0.2510911778143702 12.819548422743207 -10.969815732458265 -1
-9.412290205806627 20.87176055698441 -2.1049810323728018 -1
-7.8058264562708715 10.953184471970275 4.3162103493845425 1
1.8797158214027034 2.1562149088758504 7.368208252004707 1
0.7907186915401266 1.1002433345234448 -4.810747218560655 1
2.7404487742534696 6.900270990175883 6.958635185278451 1
4.19094522709517 11.754995520393027 5.899138665271635 1
1.7161557925165576 17.592837166848827 -4.758511327895238 1
11.824843302101506 1.178384874696798 -3.350246073349008 -1
-0.034530042072993324 18.793321586316043 7.858299827675328 1
11.170886619202879 18.811789638709694 6.877431604174679 -1
12.0612673784524 9.497427941743247 -2.6538838878683 -1
4.580106060813634 19.003483674551536 13.016539652895357 -1
5.33153812237102 3.2169941558130173 12.661938773289906 -1
-6.715780832441935 15.465685657480423 -7.788375418325023 -1
1.5624936902562008 9.96878541552676 7.486933093239352 1
9.29526059332505 20.456243336895916 9.607787835843537 -1
2.3844041664746425 11.039325356448764 -4.609577835008823 1
5.806869354298891 18.020337191590816 3.6146051990802817 1
-2.22222808531943 17.195439629839328 7.821242183665913 1
-5.821645918646429 17.609693367169978 6.326984385353552 1
6.787954748448354 3.956049251665267 11.802469786303684 -1
-7.4561542150508675 19.422247848039255 -6.920584460955271 -1
6.356844007530478 14.832702316138437 1.2184384629354466 1
-6.347855048616636 1.2345505358815987 -8.154683661806168 -1
7.899002867257351 18.556255050138954 10.963688097827422 -1
5.69794012760982 7.092312545106474 -1.8037071191665341 1
2.321832071075075 20.911823674744326 13.77589896965594 -1
6.117906600676601 9.703557832360996 -0.7411224020500984 1
12.359831961024758 17.029292590527785 -1.4753097677382592 -1
1.1349548207270166 14.771876576511396 -11.039833394276963 -1
-5.270317626274585 20.174270486265645 6.695407040893304 1
6.0053981030400205 15.01354812696723 3.1042646398566727 1
10.149892764289085 10.399491459675572 -6.407633549805396 -1
12.585542435250789 20.469636804298847 1.7141151781305788 -1
-9.326980483805075 15.26588698463786 -2.6811282242352545 -1
-5.644978258084134 10.434804579896092 6.451875568076421 1
0.8387114680477248 6.943031424783382 -4.81239811528502 1
6.025642813917573 7.753791986130097 -1.0325592668356744 1
11.83681411973409 1.6141536538044496 -3.318040163076543 -1
-6.306790791959553 16.12081434825743 5.947337987867651 1
-0.4384139215525835 19.472902258217307 7.897279446155994 1
2.512961985745873 8.87596195040022 7.080185640125302 1
5.338242893293777 10.938755552141636 -10.162494137546684 -1
0.2917225293679735 0.18803624380172412 14.113485514782836 -1
-8.75128134373496 9.036875289541404 -4.65847484778155 -1
11.28178487371619 3.2142928783516176 6.657118344817402 -1
6.299256981814988 10.109172245634783 0.10697085928279058 1
11.605620773086098 10.546706868457118 5.945215963120248 -1
3.783783387855357 10.313986535193807 -10.685759711799227 -1
-6.452197910687824 16.653338846349083 5.822102312381949 1
12.339377574476584 1.03952359371305 3.582602057015504 -1
5.538215772847576 15.043154200199638 4.161739276472855 1
-8.269761607970233 11.576581775883312 -5.667801618217738 -1
1.2293550726085762 7.233819604020313 -4.808036072336585 1
-3.5351757665757924 19.769702476109412 7.503184085898482 1
-2.1557706810377537 15.819573454169207 7.831306115627795 1
4.222773705453361 16.82536031403039 -3.6358140120895714 1
2.1259138784866702 13.167653404285284 -4.67853785495393 1
-0.6814918136533165 11.513981029013745 7.910617800664446 1
-1.6656779429304196 15.069772669310721 7.888140482346988 1
0.5528314673089405 11.10577044515547 14.087099825661284 -1
6.8322853758425754 10.905539722851444 11.772322040073002 -1
5.618130062195441 5.018389936501925 -1.954480815635808 1
-9.454514991673665 15.3204427066506 -1.6520716325059672 -1
-8.999330992363866 20.917579754652436 1.9601144461720745 1
-5.063273402413536 14.109355671846236 6.818334715169392 1
8.202132232440567 11.998117040633163 10.701510713546549 -1
-9.469531760377325 7.499086571115617 -1.3783360470900832 -1
12.034571930585708 1.349742895862688 -2.739867176538555 -1
11.689214326045002 14.864212426687157 5.740914570371318 -1
9.357195440701267 4.930648130590903 -7.3526556115038195 -1
-8.583193624091937 16.490759589828325 2.9911379620409413 1
3.4708437823974183 7.55904915300426 -4.148641451742661 1
-8.79547017756407 1.497761636270278 2.510492885313067 1
6.2684841959306015 16.489304500590755 2.074179298907088 1
6.164101070656877 8.158544496111881 2.569188077825786 1
6.352161321432613 7.492116819763258 0.6532257687820566 1
-1.576244175886954 10.837958648491263 7.895228598293617 1
9.833831619007197 17.483929395020258 8.962757100818552 -1
-7.127047261287115 6.334543978824697 5.158876082147635 1
6.354428975441566 11.36868220487074 0.6992655766450037 1
8.513127595805237 6.783559657844519 -8.173037864669757 -1
2.3758091342115577 2.621286224658291 -4.612106585104473 1
3.8586855015403696 3.557061849151007 -3.907346094066578 1
1.8054365447090748 1.6924766489805174 -4.7440987388703775 1
-8.614754290118166 9.723346839882156 2.924239995571711 1
-5.807312364527594 18.031301906051468 -8.631605152494151 -1
6.360556997638021 2.191459605968824 0.9127455815017038 1
-9.450075834941776 17.912738891105455 -1.713287513629812 -1
4.54475720193767 12.539583886900362 -10.460828001269816 -1
8.72405601139083 19.227261034829638 10.21073299887142 -1
-9.336046425848815 3.7320417637571603 -2.629711036561486 -1
3.7193411448082574 20.624154459251777 13.357444866711145 -1
-8.907405967302848 13.742063182767826 -4.251762145754129 -1
0.2894353190643615 2.982372086138297 -4.764281839722539 1
-8.868086343654678 1.8208030805461108 2.3265908453421926 1
-9.424974608252844 8.49587113130683 -1.9908895338129273 -1
6.089947090146134 8.95834824554543 -0.834997518660604 1
-1.2717543980320491 17.38268828843732 -10.803806106505931 -1
5.598883585724195 13.662124256253831 -1.9893178799624691 1
-8.165974328423227 0.3965374353153086 3.7662262797831785 1
2.311836158393015 18.998324624991113 13.778324633173856 -1
5.655145540399702 11.139451854193632 -1.8858645130120244 1
2.841146289319622 1.6783254610010783 -4.451024015411714 1
3.1948629510227766 13.118079698801132 -4.293891641798373 1
4.422570409763164 9.785426639514384 -3.4653872888417436 1
12.326562960144276 6.656570247934499 -1.6348877984269565 -1
-3.6434261536874732 5.809344612673655 -10.00344675403716 -1
10.79470727234935 19.913154021657085 -5.462085642786839 -1
3.6151117057477165 15.052389392947646 -4.064203027999797 1
3.618934539726171 5.423561422250959 13.392930193861066 -1
11.640138889233825 7.3271238286692375 5.862050024332923 -1
-3.5679910352644373 9.88613705837127 -10.0388688146479 -1
8.347713884044365 0.8015139756130811 10.56983725729543 -1
-4.853712349878098 6.280188414378101 6.93481591279049 1
-9.26969177955484 7.807076763691865 0.9709974303173133 1
2.00475749579293 13.055063621113737 -10.994653594436949 -1
3.451245663850511 0.5664282421604419 6.50787004460081 1
1.0471377680323026 19.310516557890473 -11.04058940685889 -1
-9.376957984190796 5.016185458122117 0.37741667004812113 1
11.219272067816476 2.8856125353638373 -4.712307155951411 -1
5.972365041624168 19.685859029670354 3.1983432936090046 1
8.002015397256956 15.880602891257592 -8.59741654252626 -1
-8.164307433123684 20.010651737637946 3.7689878578813967 1
-5.555028862914682 18.052841081292986 6.512923905476409 1
8.932137918402992 18.138176241099387 9.999701507999871 -1
6.063767801330159 8.515441516495903 -0.9182335097487891 1
5.61371836831783 14.626659339729615 -1.9625156771269059 1
-3.6723145290275467 2.5933715022931425 7.456346452094381 1
-9.061578641162086 20.635014066330875 -3.785480546533953 -1
6.8146862360745875 6.1615929603714035 11.784321265004348 -1
0.7356175978635316 1.1836402626075389 7.724081204381165 1
4.4742705577804776 19.625356326317785 -3.4185287116025145 1
6.490412668091377 13.624370451136178 11.998320957967895 -1
12.471977447888706 7.25723239261811 2.8332898999239466 -1
1.2044247370590249 11.409517498234255 -4.809256692146946 1
5.219012477194771 18.427318258936292 -2.58363818931275 1
12.520365516486063 18.28249420934485 -0.46714360260531396 -1
5.806307773671849 20.50837075211581 -1.5801381572553432 1
-7.995083368986865 20.60866328219492 -6.138039297998804 -1
-9.013896722505873 9.153825560730741 1.9161727649144775 1
1.8893746029900333 1.7703049520739222 7.364336632064774 1
2.66784314496796 7.919594769227796 -4.516863970142131 1
7.593849604299907 19.851253230816415 11.212280124274738 -1
10.404222936077053 10.937737085414359 8.176132494095379 -1
5.760889293606633 16.499499197792556 -9.975287850161767 -1
-1.2874539011472685 18.092898610276528 -10.80046672259254 -1
-4.430280806705249 9.016882943262166 7.147159158191591 1
3.4107569079992657 14.39424672219722 13.46375363191772 -1
4.632105955896607 5.560046826111899 -10.431254461697572 -1
-9.339180022635306 4.095079561509144 0.6127573777130441 1
0.505573942743183 17.23086720867742 7.772602151545326 1
5.151291982797 10.925967767577925 -2.6746659465151343 1
3.6112120791095084 8.263394370046335 13.39562348917722 -1
3.8470978611013527 0.8627312666698821 6.2026229795089725 1
6.355165973802596 2.539839774580961 1.2609889221830513 1
6.053592153225869 14.647468268428907 2.9582087732934133 1
9.21688480110675 6.853922161357446 -7.500740894013648 -1
6.75937353951275 6.4236358393126975 11.821771588787364 -1
-9.438383682263305 18.367111604606716 -0.13793890154115657 1
-0.47293458606269373 18.158943206276398 -10.942164213241908 -1
-1.0560409604585896 15.43007970977816 7.916470404976484 1
5.546351447851636 5.819853975141486 -2.081665963811202 1
1.5302298920901207 7.508307713410053 -11.027792967860638 -1
-4.363158998830199 5.824381154193058 7.178113899209228 1
1.2124065397476638 13.460865277419472 -4.8088798330643305 1
-9.43027933778214 2.558119364043468 -0.053300552650953535 1
-9.351387691675512 7.815775569205079 -2.538724758689277 -1
5.869503287727978 9.461169765599674 3.4663412384756698 1
0.07529463529713398 8.2017766009383 -4.727714316068886 1
-7.8134806348865515 17.12935466300869 4.3053976806324386 1
-9.463038984295451 20.446527349011923 -0.4753928510145381 -1
3.7867194736669347 19.332895729180212 -3.955634297535215 1
12.404447293141926 2.0785697969278005 -1.2426002724103578 -1
5.367054990242247 2.487523860660276 4.4566476880146 1
0.43810768908283376 20.589644921578742 -4.783697864913152 1
5.824990106996348 3.032785614660044 3.5727108854586773 1
3.924543883021998 18.96747470861991 -3.861667423331642 1
12.466796963012483 15.664215213135654 -0.8671973106034476 -1
5.014255853799082 7.317639713609896 -10.292463670258979 -1
5.209906810937538 0.19621570373033315 4.700961325496442 1
3.0077549892159396 13.886188943107914 -4.380913071280495 1
-6.734601917055448 16.29889330515475 5.561995841091032 1
4.1220113042098845 19.45896924650079 -10.592935856292153 -1
5.355024094747525 2.297740568196204 -10.15544708707025 -1
6.3285909739514965 1.467610552004241 1.6313290027574705 1
7.453769269747398 18.64471063524426 -9.00174725143315 -1
5.445077557349736 14.823935404729108 12.603425560088594 -1
-9.467352973019153 4.5322546723448625 -1.428886733415677 -1
-6.9283693614250605 15.172797599683433 5.369465371718465 1
1.061887041765943 20.559987712360087 -4.813773803854858 1
-9.471202619107821 1.266174077831836 -0.6549859716852413 -1
2.0846875665773212 15.013274140226812 -10.987059651692386 -1
5.799114172282042 3.7583630000720594 -1.5957479327655848 1
0.5991685666066897 18.102215690201437 -11.033568458865197 -1
1.8404294713341782 13.214832010027157 -4.737995143912452 1
-7.028115613051576 6.616122684460376 5.265488649450472 1
12.51592837584251 4.912574018836103 2.502964103227828 -1
-6.465787618799983 14.341988801745371 5.810106661901148 1
4.106066088600955 13.32179188098446 -3.7280506677116065 1
2.6720074404823992 12.4737887558137 -4.515364742674904 1
4.700719794780767 13.718837759898742 -3.1985248785156415 1
-9.197590016400218 3.3425447558313346 1.2811020236305846 1
0.8329463730230007 18.675115576810736 -11.039504123584328 -1
4.208319467769654 9.025971541524719 -3.6475190515343265 1
12.555104399809066 19.397188936435203 -0.13265500614392386 -1
10.343314917765937 9.643290598112713 -6.143778013170663 -1
2.8826925614581307 13.22135880159914 -4.434175536845311 1
0.7959961496652886 2.557999153779517 7.710125179756295 1
-3.316952299151148 4.844657698882398 7.572224579891296 1
-9.443972911232382 0.43032079233011755 -0.20163279783137306 -1
-7.9760431671252014 1.7414313317676757 4.067277988645246 1
-8.68922294939328 3.40335432236684 2.7604767346336008 1
4.755076649739615 7.292869508447401 -3.1418554499827183 1
-3.061574005404572 8.05350469472567 7.644636299389962 1
1.0020161764857454 15.04890427583763 -4.814419229483696 1
-7.89915967344909 10.095757452370602 4.1819670455156475 1
11.10032092068507 18.32851832621145 7.012450654246559 -1
10.304738520305722 10.668863413181246 -6.197621934291839 -1
5.031961674329606 20.64373164663287 4.9530344656012435 1
6.663167891979647 8.95052102912328 -9.503968745142396 -1
1.3110017920819188 10.96224002561354 7.569808113696645 1
-9.382065747839587 19.88163160852732 0.3423114766029416 1
2.3736723943843563 10.811180062547635 -4.61273269208634 1
-7.2693529828403065 7.879886466857147 -7.15875198434591 -1
3.394241983818576 11.700528363555371 6.548372022635293 1
2.7522999976578246 9.560653348785513 6.952021570274538 1
5.4734406892098795 19.836524470876096 -2.2037268618496157 1
11.096475955872762 15.688256996098934 7.019698891988506 -1
-8.036613407945811 12.447877655481113 3.974129936172255 1
-1.6087559900207342 19.62648700504008 -10.726740883135884 -1
12.024839277485867 18.01687123629993 -2.770673379215581 -1
3.373046551270147 13.11349871501808 6.563223624997042 1
3.9028045633018964 16.110928932758476 6.156048467993802 1
-3.957383673377319 16.76694408804808 7.350248550815886 1
-6.421173724146437 16.72505662401742 5.849298157861221 1
8.05354742970898 1.9023824836865113 10.831993862345612 -1
12.2219948672691 0.5388701848639579 4.094575568918795 -1
-7.745066062993165 7.435120113351531 4.400848646634076 1
1.3548366168037527 5.938833065461073 -4.799948119631366 1
4.847144507641763 1.1700482354828596 -3.0421347770827225 1
6.3085166173845115 1.4243113528735716 1.8065478452714734 1
5.43398560902511 2.1352757026423856 4.345293917155197 1
12.440083823585196 12.950624343025233 -1.0368305440598118 -1
10.898285730723828 4.243373944877943 7.379309110180212 -1
1.292637288598358 18.476478275683156 -4.804362610803694 1
-7.796168988042194 20.937175351069396 -6.445591715019732 -1
11.888724272337202 16.4580942373012 -3.175061591754703 -1
-6.352866983545893 15.229081167469534 5.908261612053154 1
-9.39022258272445 6.031477000600483 -2.279384494014671 -1
3.187766788685456 15.059119423204438 6.688398522334832 1
-0.8246645216811629 13.665399672585032 -10.888800098057281 -1
4.183605716198147 2.8321436239643445 -3.667345402385296 1
12.394316448483352 1.3610301885048066 -1.2976066462732063 -1
11.9562639476074 6.409020872192649 -2.980207853416937 -1
6.33894777301989 14.57588594475208 1.518688217329063 1
-2.833853144143294 12.363900110284039 -10.347207037427584 -1
12.557762228690848 15.063446642931433 -0.1028186128838491 -1
-8.773305884218926 18.35294917112346 2.564392230716885 1
-7.399189878174343 16.911825844892146 -6.994776204029498 -1
4.909130910706663 2.076345300876455 -2.972196997081985 1
-8.507564290127368 6.4451992893253065 3.145942269241618 1
11.468501293339438 6.483491150576032 6.260619376976711 -1
-8.603929928323314 13.444003401214694 2.9473442387692423 1
-8.648617170415408 7.015749289970743 2.8508408500415108 1
