6.339445414311871 12.93892435419416 1.5126664471416233 1
-4.311822545266805 4.605114674427192 -9.656710203003014 -1
-7.358947072880482 18.322996992184763 4.894276796270897 1
10.896852280131904 13.605163092373582 -5.29272316087866 -1
10.569989587718863 9.933061839873165 -5.8140397052993755 -1
3.9444550544654313 4.917996743758657 6.120597760403913 1
3.737176256548615 17.510258074261408 6.291795010246244 1
11.734408842590888 2.068842815081805 -3.5851109389879428 -1
5.282283719887066 4.305564063406171 12.686907546620283 -1
11.936657272046125 4.9293420492917415 5.067701158690616 -1
-1.8490863432277436 12.536449222707155 7.87044197676377 1
-9.433741874501154 13.19781836049572 -0.0884801226290378 1
1.7583055972452364 20.635671874003062 -11.014413176176255 -1
4.804804063486647 3.702649981616685 -10.370444751225305 -1
-2.7965313104494807 16.799525672096916 7.710441395645913 1
-8.383625560602113 3.260544142137135 -5.4539520859695365 -1
-9.449845093933869 7.5808311227444785 -0.2746723147525883 1
0.6265780882545442 20.05658038964448 -4.801442596152408 1
10.09783677652447 2.73332572494815 -6.476133612745746 -1
11.649127250226362 5.729778288192615 5.840123492814079 -1
-2.3884546438746814 16.991475229556272 7.793582457485255 1
-4.884323465741089 20.278798190148102 -9.308766019446283 -1
3.5366468150853887 1.9408654446394478 -4.110879200399443 1
-2.688186484649128 12.251909674381157 7.734646024341181 1
7.959118840351986 8.513952432938854 10.912937842743222 -1
-1.5581954064098669 18.885807944833974 -10.739027793268066 -1
-4.788204056060037 1.7804523569584885 6.9696441810115015 1
11.088515265393506 3.8038618087273326 -4.956816987316376 -1
1.1921653054702874 1.0639749473991231 7.605631465996889 1
-8.063448608634747 6.326853500731465 -6.026365732323334 -1
12.176400193642422 3.9938609403954097 4.270984740990664 -1
-7.274385869293902 0.1807131314702809 4.993259335809674 1
11.74616178023675 2.677980913743598 -3.5553862394913938 -1
5.9265957407554035 2.3701592001590113 -1.2993509019455878 1
3.9378540101443846 15.3387034808539 -10.64487482780156 -1
3.9710300427000758 5.0268756895715425 -10.635765927762042 -1
5.973269046311961 18.932972541792232 3.195827113783326 1
8.734210299779061 6.898792524821337 10.200649508917866 -1
-7.59164508812339 18.35489717851063 4.605634229026165 1
10.019764354841278 4.9671198147373925 8.719453113861519 -1
2.8190494297150446 7.947546719052719 -4.459815626100366 1
6.360526833480852 11.388101717816543 1.0661019264061622 1
2.226715663696361 10.831673627787097 -4.653379777259039 1
0.8563899120925814 8.689844481766539 -11.039825572591017 -1
-6.478807824397293 8.166198870964802 -8.028523644525013 -1
-9.262728987610783 7.146947176400414 -3.007406949243582 -1
2.033268014321126 8.446927234338647 -4.69973172393238 1
-8.373296560746901 9.599307831028122 -5.473878051549865 -1
0.27003567317536353 8.042812211699601 7.814776799576249 1
-9.449044589634187 13.819884274439456 -0.26428063988884204 1
5.01548917529097 18.505498330343666 -2.8465398560490622 1
-5.547548867638031 12.026124270947447 -8.838273082959686 -1
-8.16761555549332 8.98884959776553 -5.84961799029878 -1
0.30427161385996254 5.425936597325718 -4.7664368522067 1
-4.712592941266632 18.170658096622724 -9.418434511112354 -1
9.80510502287829 3.638844315483076 8.99932905270103 -1
11.186286317252925 12.179009321309337 -4.775271481112224 -1
1.0485190924583565 15.274927465935063 14.023392636540786 -1
5.205339887048235 15.33844904236598 12.725415988410434 -1
11.262615823392576 8.483912136127175 -4.628177922269102 -1
3.2401800036609707 2.4764768906916914 6.653819215080466 1
-4.06493245671017 16.03548724928864 -9.791866019039162 -1
-9.022542892670469 11.206882936864565 1.8897315360971891 1
6.313064486195352 15.162732033956054 1.7703140244764883 1
-3.7041123993314287 12.550279035413872 7.445100469405906 1
2.5380834604453955 8.880185369747077 -4.5615740084940954 1
-8.05379750301977 19.603207840863085 3.9472333528451355 1
2.357576997165212 20.87339085321509 13.7671609349687 -1
5.410199412867626 11.504615617782727 -2.304403261998068 1
5.267360278453902 15.33492600869774 -2.5162754746151204 1
7.314613018297007 0.5876699863599513 -9.096747131358446 -1
-6.96999009750776 18.13541680949784 -7.512153347110786 -1
-8.832080471511714 20.97124594656242 2.4192378966903854 1
4.84452560887572 6.831506302799405 -3.045038796329625 1
5.712592045171891 17.855477523845696 3.82107503780152 1
10.677005824717128 12.841334507511853 7.751948905230881 -1
-6.114543063469247 9.263374674444618 6.104538795877376 1
-9.210640774752882 11.071296331360962 -3.236334273412755 -1
0.27900481063429844 16.376232842082338 -4.762737712402926 1
2.2883564816273774 5.278354061658366 7.190520373585201 1
-7.313708457885662 9.72073874463443 4.947600158157362 1
-5.1518349775401076 17.790920113262473 -9.12829850780586 -1
9.313939521477606 14.238495481287508 9.58675573671725 -1
-3.9920481661839426 7.7251081622111855 -9.830147138113242 -1
4.117472623984369 2.89764319592829 -10.59425641712949 -1
6.047626317591593 8.458998399686214 -0.9675678645177751 1
7.990429543022999 19.557238939610688 -8.606482484311263 -1
12.541430328195673 14.136418491682925 -0.2750180206490585 -1
-3.2642732976970645 8.803826122814511 -10.174289820622125 -1
-7.390273963307661 11.94199885331817 4.8568412887010854 1
6.09617393458544 0.875924371176502 -0.8145622077020634 1
-8.04809462379518 20.90831667853696 -6.051733167117299 -1
-9.34994240919149 12.999088601442683 -2.5475283605473833 -1
6.0456300380358785 16.36878859930101 12.2709483269294 -1
-9.081816547152153 19.55811134231524 1.7006072971401787 1
-9.446152090295028 7.173989769731102 -0.22791672969745427 1
-9.187995545282204 17.0372831889549 -3.3285880910503503 -1
12.323079596629062 18.32690584631619 -1.6510110467842085 -1
2.6919193153458854 13.985752726405043 -4.50814023137439 1
0.28615297369484505 12.364517511718102 -11.017824940537794 -1
9.691199154495749 18.760397466286147 -6.978468170696778 -1
4.335697672906126 9.420264393842704 -10.528423892592974 -1
11.50789339057546 5.1320551668971675 -4.118546401523076 -1
-8.528088830454687 17.097632250939476 -5.162932385557824 -1
4.37179240657994 14.64013737026533 13.10521788102542 -1
5.99649113956318 8.601695361918111 -1.1152029204724947 1
1.3767136010426908 0.12001676956830143 -4.798205976078738 1
-6.529622692649248 20.03430164524598 -7.9783462715093965 -1
5.090689761848306 12.710304592035438 -2.7530450239003637 1
6.1144963057447255 0.13747180857488683 12.230257444261571 -1
0.5588389319202183 10.468363228028188 7.762017790644116 1
6.327428729254372 12.571342266394266 1.6427591270610926 1
-8.322924408749534 6.303096452657435 3.4955092920338195 1
9.126925897810942 9.696907419543546 9.793386866562749 -1
11.808514388476427 10.407595404280908 5.430647403907745 -1
4.890512968672925 12.298841959524811 5.137789919923311 1
-1.101916600358831 18.26239775759428 7.915968196279297 1
6.360949255246083 17.476766142780594 0.9617663654320514 1
10.555446108059117 16.34982400809677 7.945399222672697 -1
4.172235184991481 11.517095261428924 -10.578185500745983 -1
6.193929937933395 12.882491086624627 -9.761740342161733 -1
10.668972981414221 15.419664269757574 7.764965169876629 -1
10.518508607656274 11.893750919484035 -5.891021077895488 -1
-6.155605664537937 16.279412829042325 -8.332070754780448 -1
2.8884702373960804 20.71745772103414 6.873962211480169 1
6.075775871647032 16.573319483610245 -0.8805728233222887 1
-0.13659298827585503 12.901055614993243 7.870150467899165 1
-0.9360515992115386 3.323975324315649 -10.869437598112292 -1
3.4447623573167863 10.004112598483815 -4.163266515379246 1
2.5919250348731144 5.956632642367351 -4.543491966333152 1
0.7402157705280623 3.230057570294977 7.723036379220438 1
-6.761587891131579 16.3216288101126 -7.740086570333786 -1
12.521260018514955 1.2382258012746306 2.45775966197284 -1
3.13332646918064 1.6615725318164198 6.723640120753008 1
6.331970752009966 13.949007716477766 0.3824329054970393 1
5.694898510895513 10.990244602071137 -1.809651851275133 1
0.7094829589485101 9.374544681174704 14.0689025069111 -1
6.357345519691534 6.44343938773975 0.7725714592369416 1
1.1421878331340114 0.36298754904378294 7.620070345530747 1
-8.05394071545306 6.16406366940663 -6.04209438097679 -1
0.4224163198407147 5.623673277856516 -4.781875992247355 1
10.632041038319924 0.7712376350220335 7.824377518169123 -1
2.9634895761890854 16.884831136425326 13.603622258136948 -1
-8.562933077743928 7.009790703186502 -5.088973556897749 -1
3.9496710527317713 18.729620375918127 -3.843855831212153 1
0.02448172891476766 17.017417903943088 7.850825108894217 1
6.36509643380786 20.24612535840377 -9.670984049520326 -1
5.897601658979337 20.111995340545537 -1.370776373000274 1
-8.73097810409056 12.414475603488379 -4.707680680818346 -1
3.92070905341297 6.541569706771578 6.140875750543406 1
3.30840091691752 19.286835335881275 13.497230667262667 -1
0.11620067777046499 1.0636595808583758 -11.005518866349586 -1
4.760580501112371 4.740596309260729 5.296963884500372 1
4.88774055829531 7.616828072154943 -2.996595273169472 1
10.324614585046039 8.657369732770226 -6.169957937908467 -1
10.725072826396422 19.837047209455157 -5.57405433997658 -1
9.275181870430089 12.167033445552184 -7.439832639113575 -1
9.624971376885293 3.921963173654008 9.222821206330185 -1
-0.8270543761097394 12.526177971172316 -10.888397184337329 -1
-8.050174710266175 19.608882240911324 -6.0483064113221685 -1
6.25550625120892 2.816900947556366 2.147604113189394 1
3.317036436801174 20.627954136020307 -10.795573888091443 -1
5.959956033833036 3.2313887176836693 12.320814573341302 -1
11.278109322884832 17.235290886626565 6.664589140332323 -1
0.8528841564650906 14.228265969683571 14.050679289931693 -1
12.310531644290425 8.485874453410826 -1.7082503114436292 -1
-8.972689672808926 4.563027868377432 -4.063768434894215 -1
-8.035739950116223 16.24527943987471 3.9754914220150277 1
11.245431458092211 17.801614511747648 6.730486866767282 -1
3.461794458038851 11.123692017290903 13.446731149203117 -1
-6.562916927149312 8.601594109754297 -7.945088007238042 -1
-2.4790045627868347 0.38446687960174364 7.7770122473080985 1
0.7474121193056343 3.121851869863561 7.721395232361985 1
12.1013999849032 16.891038991312904 4.5410396364924095 -1
6.039079468055953 8.81534059555885 3.003396628322906 1
6.983532452351923 7.1235689757580545 -9.311205905071748 -1
-2.4443158163321983 6.240062859916155 7.783485851890999 1
11.722834252619336 15.07770586483206 -3.614164671234896 -1
10.740730945203062 20.953950807593824 -5.5491137996164515 -1
3.636114525688942 11.589947786309253 -10.7227725799654 -1
-4.253488007210652 18.687816949399533 -9.689420584201578 -1
-9.348643452609426 3.537834028349546 0.5572737253443512 1
12.605157156342022 18.554850219243193 0.8572023298769712 -1
4.743222507763971 14.758288385606456 -10.392487159262153 -1
-7.681731083596245 8.864281732840322 4.486890033612114 1
1.443127523973909 18.12961390296792 -4.792312946300177 1
-2.2629368193731128 4.935907748992729 7.814797461100592 1
6.584873101290549 11.838763932026598 -9.54896506638192 -1
-8.951787570214282 0.5577652696768854 2.098642173328036 1
-0.8298342662107648 7.9810805368698245 7.915060411386449 1
-2.5875376141661315 7.598537038611633 -10.436564009916443 -1
5.477899208416571 1.9161140235268475 -2.1964534633284156 1
6.321940148253748 0.9503242084913065 0.2861091709305531 1
7.18244234986826 7.191481779190239 -9.184279742394171 -1
5.502024027270618 7.463693481641914 -2.1566768787023745 1
-2.750920509712051 20.912602999022045 7.720820212205438 1
-5.768776432705536 19.828296008923235 -8.663130043978876 -1
4.694326379571174 2.7540263486063234 -3.2050868429187274 1
11.755770923290225 10.885456164970522 -3.5309132045113634 -1
6.688341209380036 10.022152882349197 11.869286664072005 -1
2.7359549898693403 8.423234581871023 13.668480025130743 -1
11.713700141659473 19.542902434966773 5.679131462895204 -1
-3.8177513732796893 10.822059085945105 -9.918789413976413 -1
8.214288726141643 17.001222390537997 10.6906626929177 -1
6.0118998547566775 18.517216783277526 -9.854264487296065 -1
5.206952583149372 16.01602342348296 -10.216549047934482 -1
1.9253679289707515 9.752834745819166 -4.722109815384279 1
-7.452761605289972 1.5523116978691562 4.780885907792868 1
3.424259306740599 9.880486515353772 6.527146610641681 1
-0.12331216553533575 4.21201152661116 7.868685436146705 1
3.8959051671832463 4.379911695509789 -3.8817084265892148 1
9.216507125356788 3.728331604181454 -7.501132667128985 -1
-9.475868925532733 7.43907042104706 -0.8302179209054782 -1
-0.5792518872138644 19.14681565055113 -10.927271886187091 -1
-3.5788424438319884 9.103939299908886 -10.033817813023516 -1
-2.8478145342473202 3.7442136127123558 7.698442012813708 1
-7.822098267384767 15.79540723058808 4.293182852841085 1
-6.008347446012678 1.059881879758279 6.187492978725738 1
-9.082558004608277 1.7360388650947625 1.6981476017553618 1
2.1882232024084036 0.8102522724425039 13.807677156279881 -1
-3.036854740813874 9.770850736141055 7.651172982303425 1
0.5634213181154039 12.680401933411513 -4.796343156157932 1
8.996992029845002 3.8175762073145814 9.931980594029122 -1
12.036501238524586 10.899623713044146 4.758075276992809 -1
-1.3861387299483579 14.913218793134877 7.906944529019097 1
-3.5954080682159373 19.424587947257823 -10.02607825475531 -1
-1.8498259608457588 11.111764542652754 7.870361982676833 1
6.092551143490183 20.394900378817628 2.831011100923824 1
5.868245766402111 11.492307981340355 3.469417618746394 1
-6.293297288629811 0.1351975488546594 5.958676905302743 1
3.4251857244651123 9.928311719107898 -4.174117931397491 1
-1.6119811598520266 10.963849674134266 -10.72594836697422 -1
8.804534349041745 3.196387069854979 -7.908037662092009 -1
8.059739384043377 13.738915766391655 10.82663302853697 -1
-3.2616427625108257 2.7393162335050065 7.588667591907655 1
2.5268484223957284 9.537126347904096 7.0730541853781554 1
-2.9249203481436394 20.62959046942491 7.679740747762355 1
12.495635218549756 2.782795977204909 -0.6641295101700648 -1
10.599439581684146 1.2658573461779274 7.876245040604224 -1
-6.767332078513693 1.4253178439249106 5.5303154369307155 1
0.09765854063657547 2.0190669879018435 -4.732016256919833 1
1.967981399952555 17.206189873162906 -4.713566907954357 1
5.88318013276401 13.221736588675943 -1.4053492720903895 1
-6.222232662018211 16.45625110796257 -8.27161426817235 -1
4.8200127671705495 1.619843458005379 -3.072025529580691 1
2.5121268270835073 20.411964526079313 7.080613368644432 1
2.7522441390717174 18.539504822824473 -4.485686064640679 1
-4.3799877579148925 13.239095712141244 -9.61786660683556 -1
1.0450048402398595 19.51053485943383 -4.814030889467006 1
12.504405732016805 8.360658718655522 2.5962598802669428 -1
1.9127780358981912 10.26744802932054 7.354891344285052 1
9.05387409415618 14.40186792010072 -7.666552938071012 -1
-8.291373114038231 5.91352817697542 -5.628162659644647 -1
1.785285706185733 14.210699039141119 -4.747497173150192 1
-8.18785251971093 10.410365970718715 -5.814295112434795 -1
-0.8014977804542561 16.613981615128097 -10.892677481104661 -1
6.3609857558614955 4.595504149974474 1.0033650962692198 1
11.533700062047762 15.670112567997922 -4.061180361898712 -1
-5.1340400131410275 9.536331985581421 -9.140680049564514 -1
-8.611755102909214 8.57350886568742 -4.98259166534227 -1
-3.6538905417507515 19.375513203988362 -9.998475700618787 -1
2.044443360717082 3.165133514685431 -10.990955831193185 -1
5.360524878103892 2.750639878369423 4.467262466018458 1
11.04383494170755 8.01969161038897 -5.037387809597857 -1
12.481560116138013 11.381718665494539 2.766598579027868 -1
6.304070199212982 19.83177332682673 -9.7037648133527 -1
2.6931819781193123 6.788434157485259 -10.910094410405957 -1
-8.854800304454352 2.0462815512686614 2.3611270815196628 1
12.474797337506446 19.895132452118204 2.813922653073265 -1
-0.19897711683379254 17.997731253703577 -10.975643826421264 -1
-0.0031541616920850372 0.5467741395613539 7.854382580468046 1
-9.455813216279719 2.4757673225108445 -1.633059439763345 -1
-4.6087876286023475 17.41690399183266 7.06128663734124 1
1.443833206614529 2.9079601012270224 -4.792245446993636 1
-7.601895024451326 11.95889385094224 -6.724054909649098 -1
12.56438816140914 10.033283697723013 2.0205737759172187 -1
6.038928333715198 6.440416049057962 12.274879122876316 -1
1.7073311395916824 1.188748652720823 -11.017812373239657 -1
3.571665060166361 19.67353937600486 -4.0902720098099685 1
-5.676983494185394 18.984075646546433 6.429746039851364 1
1.9649132354629826 15.16694376406125 -4.7141948352724805 1
6.338108404530546 13.735641758086961 0.4499727546626656 1
-8.193251908706337 8.236408669612063 -5.804813998919254 -1
6.330940166059153 20.44717069017113 0.3718285177046639 1
-8.13582541388628 14.931159710999573 -5.904442956073271 -1
-9.473643603438278 10.354015772645141 -1.2577093877741896 -1
12.184406459194202 6.855271173596642 4.240741512762965 -1
5.573846418207689 2.432914238595245 -10.060655089895334 -1
10.432847697393127 20.413274662861824 8.13325731965862 -1
3.674157305390424 5.762993792190391 6.341339868147859 1
4.716144113846369 3.936443528652985 5.349289978257915 1
3.4639478058757076 4.512797782027443 -10.763265629411228 -1
10.570718885902364 15.977933764191885 7.92149916500274 -1
2.140754894182519 19.842675636274926 13.81863314652499 -1
-2.5844261175068093 10.532561648609608 -10.43764931649388 -1
0.24517045071503327 13.903755526533663 7.818792435895632 1
-5.588053966601602 7.295488713188131 -8.806932569796164 -1
12.39203084443049 2.6999699105869803 -1.3098276925663181 -1
-3.7922207648065185 14.307221660006475 -9.931435027130163 -1
5.219975729067674 8.21694964125441 -2.58231592924016 1
3.2033766302169617 0.5502939516448236 6.678167224454747 1
1.7456480733436934 10.512593623269026 13.903100734873608 -1
-7.029506216913574 11.09066929049387 5.264014545861089 1
-7.74591301692186 4.688628876516196 -6.519565064565617 -1
-9.364170417634982 0.03548332109391383 -2.458517070896007 -1
6.296820873052108 9.377833123739869 1.8930482821209726 1
6.273898297001988 10.611842079970495 -0.05666203732439144 1
-9.433701768522567 1.7013957742583332 -0.08806471116538588 1
1.2948425411443811 17.277538025212927 13.985027005482186 -1
-4.558764587926298 5.044093541145075 7.085877022933584 1
4.937926588714186 0.20349580997460093 -10.321423997752268 -1
6.346120135637384 4.725876425942572 0.5539083858511341 1
3.3244482904697086 1.767992877452165 -4.228273098460911 1
6.1754517887146765 17.3452565774476 -0.5276351712377421 1
6.227811679998463 15.01011159080799 -0.30008811524842194 1
3.334142234652952 5.135678893701525 6.590194548905988 1
-9.19185803847301 1.3405736254026348 -3.313124698654959 -1
10.126190545735184 8.961838099033853 -6.438950017331794 -1
11.753287373619077 14.826871914134932 5.577235041861199 -1
-2.9203037095353173 15.081225148659211 -10.314212342782872 -1
12.53833599331453 4.062121034923862 2.3023937758308164 -1
-6.242578057665208 15.541010121681 -8.252940379771719 -1
2.8508865540943598 20.091327350230713 -10.884580468013313 -1
-9.181237708846679 10.83377351981515 -3.3553873452113625 -1
11.31792053261711 9.030949806262234 6.583021356142459 -1
2.46153213361087 0.48377185653843846 -4.586149173697465 1
10.767831107854484 10.653845264554658 -5.505625491601262 -1
5.956282415672531 14.41780678251864 -1.2233463213765603 1
2.766705204882665 2.9016805011450217 -4.480175929994722 1
2.7806726489423355 14.120880107192365 -4.474806826396552 1
2.4474543125171855 0.8255406867955907 -4.590524762062315 1
-9.466967242150753 9.067306946716812 -1.4372353766283805 -1
-5.332700336033733 17.939792778619402 6.6567840667988785 1
0.04667701535656214 8.868898155021322 14.13378736472913 -1
4.897107383782669 1.85743132400548 -2.9859460186083986 1
0.43698666363538025 1.1905951603561515 7.785659580413977 1
0.2887006841907977 2.168729756720926 14.11376211755926 -1
-5.063831252019516 10.191629645117875 6.818014143177433 1
11.61647983224809 14.167800609667204 5.919227657138063 -1
-8.011790208682998 1.9087917173671922 -6.111049686380851 -1
5.842469719410471 17.47645843542393 12.387853414937561 -1
11.516923337371338 16.305734149217045 6.151818301207678 -1
10.52626581711432 1.284430524933485 -5.879503256862579 -1
1.4801637367432152 6.770775096273979 -4.788631601077837 1
4.7567229463537535 7.919933667511041 12.93815330713013 -1
-9.445752249534653 10.547565124120375 -1.7682602596902492 -1
6.175958200104021 9.44927245886974 2.521260479117264 1
11.96889403551631 9.814602114530881 4.970609149852508 -1
5.847572534431202 2.199002614177414 3.5193846954667687 1
5.810738102655751 7.848767013779265 -1.5704650085619885 1
6.055798273493523 0.4572175011234667 -9.832322369942496 -1
3.396537581707143 9.4150931311741 13.468456989974063 -1
-9.218571837267206 18.755410971951378 -3.2030703519369284 -1
-7.726325842279637 16.293505700975118 4.426534913701376 1
1.0180501409988283 5.232387623322191 -4.814319126380506 1
-5.6414458719912535 15.362434739330984 -8.765129561254211 -1
4.496842884595938 6.617897480301938 13.052470115909049 -1
4.159417782729382 10.418739675163962 13.19150591249614 -1
8.257687992149046 1.0589428544633304 10.651717902051695 -1
6.360185372345614 12.232919939081551 1.0902638693412379 1
-4.2372351907139265 5.934474394354673 -9.69844768296705 -1
-5.8682173459198035 6.160055431705078 6.292927529263819 1
-2.249316978511407 2.6471358077958347 7.81697737275687 1
1.7102626441380684 18.75679931964461 -4.759404166546752 1
12.206544818792066 9.476734691865806 4.155518888261135 -1
0.6415377721011594 13.668299836455011 -11.035012818696663 -1
4.0647835466928175 16.995408500072276 -3.759464445373448 1
11.437138109849343 5.942220133701096 6.3296943160068375 -1
10.724254180349245 5.741017597435775 -5.575354578427529 -1
1.1592504042407088 8.100480961508069 7.615182273733607 1
12.300537813388743 8.85377059228898 -1.7529376899919749 -1
-9.471920040308422 19.575474087222787 -0.6755887174128019 -1
0.9746484938153113 18.220289234545927 -4.814467020079773 1
-7.127094470193922 9.348662972891505 5.158824350696646 1
-7.8012327684819045 0.6129778092817065 4.32268320525175 1
5.414278338096826 2.251163092931515 4.378577874767795 1
12.531962702507174 4.121442069865448 -0.3647825672096506 -1
7.876226080769387 5.002963214592116 -8.694602395428484 -1
-7.0228329992461065 17.314719360145578 -7.452100292021835 -1
-9.336426503684642 18.82619731821778 0.6285313084134873 1
-9.239613524648643 0.5856313582741002 1.1063083619439795 1
4.243468297740208 12.03932787531105 5.849210835605669 1
-5.7168787335412645 16.918505326570177 -8.705100818802027 -1
8.628325384512152 8.830761092306787 -8.070400778423904 -1
4.049042291225955 11.030603567157016 6.029129374630389 1
-9.422900814041363 6.008994453683253 -2.0104247886554636 -1
4.509359313418938 13.831570884952981 -3.3860419599089067 1
4.899741553977532 1.896308592123697 -10.335677882717304 -1
11.58280190213129 17.267571488478016 5.999318116806298 -1
-8.114425658305075 16.955700053669307 -5.94090369839239 -1
0.7322372944742132 4.023950158568814 14.06611096213847 -1
6.355604448621568 13.40436342628314 0.7263181812489939 1
0.5538439378101043 17.48175692902897 -4.795495609191211 1
-8.288847810724375 9.866368937171114 3.556170627906033 1
8.093361726102975 12.187413698579523 10.797408235759985 -1
12.595340762507883 2.286958378038971 1.5137953825950203 -1
-8.885143830819617 9.710809289211191 2.2816257926952 1
10.504025889426224 18.613388490690905 8.025042831656867 -1
5.800259319657876 9.764638273735104 3.629696862715695 1
2.0581279071628638 9.79052070106401 7.294169064703974 1
5.03717135419019 4.116098042459495 -10.283646964975333 -1
5.943508830756538 0.8133066615339678 -9.887984441809165 -1
0.8560278185270509 12.93309687890603 -4.812875584422328 1
3.207176555220907 11.857256890061826 6.675668010663782 1
-7.391308094981492 2.272847190350877 -7.004930804831645 -1
8.18573573836805 15.57429694672446 10.716100531735774 -1
-0.42187763839407083 3.853122548843211 7.896097368225402 1
5.289888940124103 7.321462931078411 -2.484172814751293 1
-9.465719881224679 10.090111358533546 -1.4632161822940264 -1
3.4121630780975054 13.522455076856414 -10.774888910478317 -1
2.4174922021942837 13.054154934516326 7.1282274674366395 1
12.379857297197614 15.985053192604145 3.379591977302758 -1
10.276929703449266 6.019672163181483 8.36252737036309 -1
9.79805850088741 10.3400893109931 -6.851769612797049 -1
4.508684294398967 14.320113958762152 5.580711749764854 1
7.430108931843952 10.70936698104392 11.339713783714826 -1
7.411089559907697 16.1324386527124 11.354256170339093 -1
7.90095264031663 6.298665271661141 -8.675713367832698 -1
9.912223803914541 11.48449580277635 8.861593148833117 -1
5.467665066079855 5.1375435609766225 4.287403963695134 1
-9.36679998056432 9.315543117655086 0.4446156807985745 1
12.044901552530085 17.01030372003246 -2.706859302860108 -1
5.69251824217173 2.1812051611940073 12.47119913174584 -1
-2.911613080521811 4.829679516274599 -10.317568063371596 -1
9.903442815177282 16.627052562525325 8.873025649145198 -1
2.67128186697608 11.89736789902244 -10.913455175905185 -1
2.0149614682348087 17.375761994732343 -4.703702573615221 1
12.56872453891033 20.473608639891733 0.030036996383269333 -1
-2.773592936365958 20.269713973778636 7.715695518322924 1
7.621746507217704 19.943754604883154 11.190163081583071 -1
-9.147123840096407 11.587525244578847 1.4735572420103955 1
5.452009295779442 1.9432586964673964 -2.238359161107517 1
4.537872141262111 15.549046232130598 13.034846117538242 -1
0.7785696013570315 11.850246341160732 -4.8102528143238255 1
1.0335807142084843 15.66301229895224 -11.040643917267333 -1
5.852546428233842 9.563187613268976 -1.4768379642782208 1
6.140851595019438 3.268922997911594 -0.6596347991931636 1
-1.7394501840346552 20.91500966075132 -10.693780630777097 -1
2.4024772002834496 18.683512811775547 13.75604291049724 -1
2.951700646026665 16.878737382651156 -10.867058398031393 -1
9.303795520158749 8.640989932600796 -7.409617529818013 -1
-6.64180917210477 4.4762939732426075 5.650032918662793 1
5.8163205376362015 6.1832354689131135 -1.5582107684212945 1
6.028013948184579 13.081558132865569 3.037129534577512 1
9.511601902784381 5.2125580764177055 -7.183618064477575 -1
2.572897412977901 16.793299781973353 -4.5499578575206066 1
-9.291286666646144 0.39652686751008737 0.8674201769853886 1
6.35940198647684 10.087379194353561 0.8454413309893496 1
-3.5229612482951023 15.4143211088326 -10.05967005450127 -1
-8.774588759494039 14.35492578657997 -4.601039245799444 -1
-8.113128911610605 8.84694233916297 -5.943101792531737 -1
12.301343551216831 14.557270083022704 -1.7493633849260781 -1
7.375915415575972 7.711151667259415 11.381010498425782 -1
6.331834812451422 4.8812695499151335 1.5982929680125895 1
4.819242678492364 16.486061855721882 -10.36521876878952 -1
3.2797618765461 15.260808321842687 -10.803444470940386 -1
4.643346143239676 14.835602463688932 5.432839554780396 1
9.511467002350226 0.6665717174020792 9.358720009143395 -1
-9.280780602051225 5.0282135302129385 -2.921486258839769 -1
-8.519806025375201 7.792209016403962 -5.180283441819192 -1
0.7705703023020709 12.219453401801108 7.716064621391189 1
-0.3944567710196444 1.8477625014072143 7.894059793600524 1
0.07627863677036581 4.874708140100888 7.843886462502778 1
2.763956786838462 17.062835629906413 13.660723826910788 -1
6.238321484792934 15.807547835935425 2.238090888375586 1
0.037255643870016945 16.900314891199397 -10.998898394267513 -1
-7.715970625211688 6.183311163517631 -6.562976131311617 -1
2.4476478114143 16.392998996562753 -4.590464921217708 1
-9.038287909536235 4.720512369496373 -3.8612315662710657 -1
6.173573159169921 6.0868321906259295 2.531025655650032 1
4.216420799884958 17.828619404280722 -3.640968585341525 1
12.15325795807085 15.627475737886016 4.356782058463594 -1
1.2679487970072916 6.977316736278788 -4.805893895119621 1
4.033625020731314 11.914021949974563 13.240690500828611 -1
0.4285647071171718 14.69261773594039 7.7872187426906905 1
-5.690344438292698 1.9306449625321696 6.42044371452138 1
5.734027670761727 1.1298467412949442 -1.7318737714363253 1
5.503098063072222 18.118719529210747 -2.1548892595608597 1
-5.935149983377929 13.229378048438546 6.243127882750729 1
-4.712421538690007 18.262716186084187 -9.418541636171733 -1
5.64852830496892 1.8415083720258472 -1.8982921487849782 1
3.310140408272028 18.18398031184278 13.496669086359171 -1
6.359325388686732 0.8661987694306045 0.8420718460607801 1
9.17747572153404 20.12165590542497 -7.541427638224881 -1
-9.126146793327722 4.774729621245882 1.548917065199308 1
9.761493954225623 15.789104140237662 -6.895526369698911 -1
2.140931079069349 8.41572205996011 7.257962184005071 1
0.6920648585842162 8.464583912751298 -4.805836105305043 1
-8.543785075879917 5.319026343503513 3.072736549779999 1
3.8420660331813585 10.643607443865658 -10.670567034056862 -1
3.1102135677751863 3.8757633233024102 -4.334370362996339 1
0.24345706763243702 1.1987645520636492 -11.014982886195133 -1
-0.9101638497747069 7.705457296010926 7.9163018492286845 1
-6.678279700893483 15.116583019670355 -7.827444356019645 -1
5.7172363385871074 9.95766524847734 3.8113178901355615 1
4.202243722973993 19.37502582952543 5.888483561354954 1
7.989542825452858 3.57256832481363 10.88702343818774 -1
12.469950747462125 15.086017372107753 -0.846107749044948 -1
5.961868544056738 18.265750419923528 -1.208695243152945 1
-1.9919083704949812 2.7155048713217163 -10.625154117166344 -1
11.58710554554563 20.45517203277039 5.98916646458663 -1
7.572548452446827 15.838528049220177 -8.918291281759089 -1
-9.468098188639479 19.25022657101275 -1.4122853815479244 -1
5.726598028524422 0.7917596641098334 -1.7468635125685612 1
1.8679332473954788 6.002825788049931 -4.733017523008035 1
12.575141246466307 17.281065437272282 0.1171582001819287 -1
5.191466633498281 5.769406228238568 -2.6211192491863056 1
-9.414846771813911 1.086202908994598 -2.0829547700311912 -1
12.044325241387416 3.106808906398706 4.73263018667534 -1
1.8114155623426111 0.3463460532249357 -4.743074030827709 1
2.6979782945933817 16.430749079501325 -10.909352449178613 -1
-8.971925261052709 7.331553757247702 2.040845232212221 1
6.305778694208425 15.743234757632987 0.1544208720818613 1
2.9767263433818667 1.1540212365609965 -4.394487803516581 1
1.5001010389861988 1.6421626968628598 -4.786532649671219 1
5.287880022092616 16.576151023541378 4.582551262462896 1
5.043828446109981 7.779199109239166 -2.811778347869386 1
-5.332274630738774 2.330211288981625 6.657050173430329 1
1.973158196989464 8.509536498873116 -4.712502907480787 1
8.580084090236323 13.677274400772843 10.351418526645979 -1
7.750669107705692 9.16205235136488 11.086378282072026 -1
12.063785124524552 4.2519781688154215 -2.6456582367791532 -1
6.352568203846925 9.321681190033196 1.3161621194959543 1
-6.969050571896533 15.585110044346292 -7.513212511540582 -1
10.438436792503603 2.0163169372205707 8.124843266832887 -1
4.18967900740631 10.746146541424178 13.179461436086374 -1
3.1795025925609273 17.715945339123405 -4.301375014292498 1
1.1394237120875075 20.864416693480972 7.6208581747804125 1
3.1671021455852357 13.245879725987322 -10.826432861725568 -1
-2.6465649060312813 5.994939925614107 -10.415771040078408 -1
-3.366533231890211 2.646456914286937 -10.129963985211257 -1
12.511501005577964 0.2804697660688348 -0.5407177748951155 -1
4.846316549226151 7.101268042106498 -10.355360099552884 -1
-0.15931598918394105 10.170723636900686 7.872603776975196 1
6.292578714099043 11.470011980901017 0.060969240759207795 1
9.510815305659868 0.7568268557257881 -7.184495962675776 -1
-1.9634226891950985 1.2857134757071895 7.8572515541857815 1
4.087329551067794 0.48637580674532743 -3.7423849574357178 1
6.474534276018156 10.655178254351206 -9.61100712125427 -1
11.721893876913896 5.598411507600762 5.658248396173016 -1
1.934274629515792 9.351421060720302 -4.720355991908793 1
6.341488606137242 20.44579443315887 0.49113428229785144 1
-6.326854772682569 16.75330260252264 5.930390338630259 1
-0.5426541661227519 5.9666358358248885 7.903923949367896 1
2.1026524607511528 11.671514211882538 -4.6840321131133225 1
5.050230048114893 4.1493478545349145 -2.8038480430877164 1
-7.37585433912592 16.60261809456897 4.874125185549344 1
3.3416581084159467 1.8400125510244436 -4.219218951460276 1
12.244780872175644 17.59643473113429 -1.9892845790374574 -1
12.265669884351388 5.066513633609523 3.9150525206114706 -1
5.617466828494393 9.119508599875743 -1.9556906409915156 1
6.329919677153388 8.985093121875199 1.618007156995136 1
-7.346248293460786 2.1444607709963597 4.909332109850874 1
3.751448733022853 19.085088417467116 13.34591361067646 -1
10.168744996613803 3.129237561452287 -6.3825716826570575 -1
5.635319154161398 19.058928479437846 -1.9228877457579405 1
8.523667941687597 0.21952519174199892 10.405409170137329 -1
12.497153543896548 3.644222085893159 -0.6527274525072887 -1
-4.4679821251345055 17.621911744988545 7.129454949674634 1
5.855555470935752 6.515347373400196 -1.4699285525171903 1
2.455328982708762 17.828699186919792 -4.588082683688694 1
4.284009918756709 19.138222940121995 -3.5853142212097375 1
11.435919844338432 18.897923445278646 6.332356046495419 -1
6.296558348722962 18.211801199170075 0.08808957998894613 1
-2.2359988845844234 17.593005975771515 7.819085924954423 1
-1.2669394069616984 5.326499775677204 -10.804825414991393 -1
-5.731406808636184 17.703170696973388 -8.693407302881042 -1
-4.630593746476587 12.970189912468374 7.050437365154768 1
-3.126100950352199 20.667716241330908 7.627182339334744 1
2.972096572038016 12.821343083138768 -4.396492772864814 1
-6.865011935569894 13.685665684256467 5.433756390727567 1
5.511532013939407 13.743768399699652 -10.08820147393544 -1
9.758005705827594 11.598873514075992 -6.89967858511508 -1
6.322491514613125 3.900332129452144 1.6892345129276578 1
12.350242084698182 20.60050378786442 3.5297642605757633 -1
1.3324979717356589 2.0146693273351195 -4.8016252801439485 1
10.53297534295897 15.713520494492963 7.980358462001783 -1
5.489923256637287 11.01698661459128 4.248419860507127 1
5.546757143157342 6.10595422339021 -2.0809674945143257 1
1.1190070324055563 4.792005803385876 7.62664255874997 1
12.577632026503327 10.57852237919463 1.841850937159871 -1
12.556012367526147 19.57110039954794 -0.1225527566318384 -1
-0.9232056887176731 12.056725332721673 7.916426362837837 1
5.374815712741328 20.784636932409203 4.443976461095678 1
-9.21202436111055 9.025233525420164 -3.2305685366098302 -1
4.003325041054928 8.743470712456848 6.06955039048418 1
1.6059531420350392 13.185423368770673 -4.774012863363617 1
-3.8713889331394147 19.054734902822013 -9.891942262411328 -1
-9.44143104207488 1.4578775152122256 -1.8195427806718465 -1
1.9675282136410284 11.558466003448956 -4.713659782138408 1
8.94915433450097 3.2467225378272557 -7.769707684966059 -1
1.5371243729707447 15.089776807094584 13.942892339443606 -1
11.714129677338804 2.8435449415108964 -3.635873034337189 -1
-0.7968998642056632 0.09547579442589804 7.914315221556335 1
-0.15269722599473773 11.287839697239397 7.871896117510776 1
-1.3727816535342885 0.34844883956984096 7.907596481643981 1
-7.632881333141841 11.245805245560769 4.55179582749142 1
-7.449682597905174 0.9595334337789926 -6.929085007258673 -1
-4.702510521718002 3.233566681957967 -9.424728123725547 -1
6.350750752467347 17.703219391709986 0.6275585560522025 1
12.29659195490325 16.756517695010615 3.780615433801778 -1
4.55677252891407 6.375480591547454 -10.456806802803161 -1
6.3161420197096225 8.368361132202887 0.23614068380877562 1
12.503978938869912 9.435176190188447 2.5996101249436045 -1
0.911576643349013 0.4312387155565591 -4.813985243709738 1
-2.5102162804048236 12.968636416308648 -10.463216693443643 -1
6.237151373168849 16.895652299289942 -0.2548113567887641 1
4.676823580000735 4.91761224036595 5.394745800243304 1
-0.693170729457685 8.402696187602283 7.911068922057695 1
0.27608001547319655 10.359597381004004 -4.762300413246205 1
-7.403197166116588 10.53950349707329 4.841274261742698 1
11.516315982092 7.003252392814056 -4.099910533797024 -1
0.9385647238574164 2.2138258617135156 -11.040558837265785 -1
-8.975629486332176 13.45696459034696 -4.0550036173334005 -1
-8.247925561283154 3.1808516018975683 -5.707424301592935 -1
0.6366049021688861 4.098709836961934 -4.80217418190679 1
-5.406909723328077 1.205220549513304 -8.944650565325984 -1
1.508875353735827 19.209635492680434 13.948031158456624 -1
5.848687508163829 17.44407191549153 3.516718458580846 1
-6.975519417820078 3.3390898335783596 -7.5059139190665425 -1
12.580962632426559 18.22184018529233 0.20451054486378428 -1
11.290401599743097 10.65326228700012 -4.5733837493034395 -1
0.3023129479461202 2.6943287849065642 7.809440475642987 1
-1.8021657510005102 2.375472758391195 7.875375001894656 1
5.052225586454167 4.678753390642142 12.800263899989726 -1
5.856464570994099 18.686576475569694 3.498031336936504 1
6.115314635394848 9.469363816481133 2.7521583662616154 1
6.118551869078531 14.64140309335114 -0.7388887425401983 1
-9.379076347789168 8.196093226892696 0.36297073139890407 1
4.505736245151898 13.075098967956599 5.583856875403529 1
-8.610471893770253 15.045410334796765 -4.985430706254211 -1
3.4254477990996204 10.518044023692806 -4.173973372968091 1
-3.420313474074066 15.961705709189097 7.540356532075952 1
-8.455742963859807 17.484678816483672 3.2478751388975966 1
10.478608778048885 11.758815944695938 -5.949814253937857 -1
5.583333299528798 11.420903783266116 -10.056422448327337 -1
5.655437176783675 12.347411911878964 3.938016496801286 1
1.1334348590566425 0.5282393835698997 -4.812030523913678 1
4.685102738104742 20.771139021766057 5.385239547893356 1
-5.679528846912592 1.486258707698005 6.427976803207799 1
0.3788965447812755 17.169918559365474 -4.776543340636802 1
-8.829412225218391 2.8777509767889864 2.4259862929736693 1
12.54055637042397 3.2134125451986035 2.2808006107527454 -1
8.884836294014752 7.544075647822375 10.048499797510875 -1
5.6486148953855935 5.322711361331676 3.9516059977638682 1
1.1964465388072378 4.594052178422374 14.000890820991462 -1
0.2694378511397912 11.831052860946087 -4.761300289127673 1
-0.14223298186770778 10.081310323710758 7.870765670353214 1
11.117595824056874 1.9539842432037302 -4.903587486504273 -1
4.516573016063812 10.792037735418472 -3.3792932822047805 1
-7.6014896287871005 4.1457735986768585 4.592858758505842 1
-3.5813214281484753 10.085677151973284 7.487723952350961 1
12.559143454297066 5.817425342659747 -0.08698516660633528 -1
4.729489245030142 0.220158625544576 -10.397348462037376 -1
-1.6341605590727304 18.643405234954727 7.890753620790792 1
1.1378036256411175 7.851867817655005 -4.811889837370176 1
2.8158063367873467 8.740556920305716 -10.890455571598908 -1
-6.396537220052206 18.429232502182508 5.870708733351961 1
12.447963787223728 15.97618942893554 2.990490705364538 -1
-7.700120240200476 11.510360000793634 -6.585761164195489 -1
7.265648331058068 18.949160238861428 11.463717256929593 -1
11.757162105459491 19.334727838269433 5.567123136011464 -1
-8.336767100470775 9.774256864754257 3.4705486114115325 1
0.7918879207383207 11.87858220198759 -4.810793168214365 1
3.230882338790069 0.599718746425661 -4.276100609514929 1
0.9253477612039248 2.9469429911163028 7.678491734873468 1
-6.638889409757511 8.399962026785165 -7.8680399156613 -1
-5.321139012337095 17.369052217451028 -9.007712065613418 -1
-9.476528389691422 9.563218769908188 -1.1150558957557457 -1
5.947585848293088 14.56524732540607 -1.2459297306278916 1
11.901981795608753 13.397587258112628 5.169373433680799 -1
7.28821061103292 13.773543572077196 -9.114440447439824 -1
-3.0290442152369934 16.155698889161556 7.653221184562449 1
12.510566090444062 0.004772248197607354 -0.5482692768648666 -1
4.181069869446104 6.314604341640301 -3.669366517734662 1
3.015510517811621 14.604901256448356 -4.377482604857471 1
-9.465717457880821 1.9086358572349356 -0.5266225801460271 1
7.931197298350081 10.996598004408453 10.936584154674211 -1
6.031369863136674 18.78649560124388 -1.0158603045308239 1
-7.994697609335642 20.237823212261034 -6.13866023780282 -1
2.8161984100754704 14.819451936811996 -4.460941422456827 1
6.305885701247757 16.044606627003468 0.1552226395747476 1
3.2480568299482906 7.236765028013471 -4.267496992320387 1
10.261514188016543 5.288856892837985 8.384642986926309 -1
-7.854602163354027 14.011391422935223 4.246713751996772 1
4.817232392245418 3.1354053167806177 -3.0750644581705266 1
-0.14561692416876643 9.889250537832272 -10.981349253394468 -1
-9.444035852523811 0.46813068909287137 -0.20237958885431306 1
-5.618590965009845 15.95393217452579 6.469958779407752 1
6.323134385482105 4.318798678038441 -9.693575024686316 -1
6.3260288934352245 17.652399956645702 0.32365317599204285 1
-3.863110163013141 16.271940979470315 7.3866591715946885 1
4.230534544128164 3.699444948501948 5.861599594012661 1
1.7860734677712904 18.57573460247669 7.404946694051286 1
6.351382787354567 1.9543430346259574 0.6388243007483024 1
-9.135561624959191 4.245957354030145 1.5154003939019767 1
-3.6333441365283528 7.820515140006697 -10.008222915861245 -1
2.807001380776303 3.6467699262358027 -4.464559841654787 1
6.303392941043221 7.249908597220793 1.8455252587911863 1
3.585846511745484 11.922508104443251 6.408906285497649 1
4.3053824512016226 3.2959918724818253 -10.53785614058875 -1
0.4337240275774297 16.29054904417816 7.786264738581151 1
-6.646935534494259 0.7068931323688656 5.645236752052785 1
3.9903044917570183 0.23012879457377267 -10.630423994851364 -1
6.195771969823678 6.7225904655686115 -0.44393673026408853 1
-7.44863256762524 11.061269197694422 4.785958594844701 1
-3.668585708027429 13.22425786847234 -9.991471147994979 -1
8.71704967666961 18.511790495473313 10.217677935951265 -1
-1.7857867684127473 13.463922630297382 7.87703134513557 1
12.32136831085195 0.4764462258139168 -1.6588941276187992 -1
-2.658311125891216 14.598996254811178 -10.411586961589164 -1
5.043094550079733 18.57768775944428 -10.281358808798123 -1
7.3053969385491175 15.779276204056826 -9.102935079644219 -1
3.7422927052321793 5.524637393286918 13.349211061935911 -1
5.153554626204119 10.65906429412493 4.783381147631293 1
1.9975974775708631 2.608011289493297 -4.707403073310929 1
5.085942122858712 12.783239543962852 4.8790373499104955 1
2.114543701707112 14.55956887813117 -4.681237973688459 1
4.062101714633479 1.633510866693872 -10.610201733252802 -1
12.57826110036399 8.48571144619469 0.16282639381424263 -1
7.861813279660935 10.783224677585077 10.994784458433871 -1
-8.805059194769346 16.948392098608267 2.4868653390251607 1
-9.476604509181774 2.0782925209584144 -1.1089090633486698 -1
4.42623799200773 9.923166290993578 5.667254223746488 1
4.531725983664063 11.91417880906939 -3.365038530837563 1
11.600387874963948 11.255657560400952 -3.909139273408105 -1
5.905688348742917 3.8695206311230534 -1.3511188693347043 1
11.889609007560324 12.322444346680342 -3.1725759369072657 -1
11.788922425904357 16.504131750752943 5.483267093718598 -1
-9.424022858299011 20.95944303278558 0.007090963401881293 1
9.637071841164321 1.107321566069447 9.20811424003909 -1
-5.831997777419897 0.8962559356358943 6.319455915112913 1
6.2705752777525285 11.107624423148883 2.0618709202923586 1
-2.327549611377119 12.67096870715998 -10.523579367887905 -1
-4.97629916264157 1.7273217589799528 6.8676271301819165 1
-4.9810016065459255 14.906129118875306 -9.244928267800569 -1
-7.336426898866577 2.4389062585682986 4.920929247246508 1
-6.584068681982795 4.143352082370168 -7.923799768135216 -1
6.044376113915717 16.364994590449328 12.271684189632936 -1
-8.707294258189728 9.573457193529128 -4.764148723218816 -1
10.422868405228021 6.485842501181792 8.148245883653306 -1
5.8070382883894345 7.721191365270893 -1.5785463028983822 1
0.06877273133372341 16.029461089966155 -4.726438282481086 1
-5.0959042448723295 3.7893971932944823 -9.16703047134195 -1
-9.069197238081275 2.892599989429123 -3.7602164579047486 -1
10.611097236545675 10.518078391153132 -5.751634415541749 -1
12.377330958975925 0.31295323168645994 -1.386866897990217 -1
5.8234233005682485 7.293180130798663 12.398576729622844 -1
-5.328853676935416 7.092481832919098 -9.002095112361257 -1
2.952029628903061 10.597256895840209 6.83619674818279 1
12.4812300142588 10.339961634035827 -0.7685632937454451 -1
-3.2324942535587895 7.356207969303394 7.597163149224941 1
-5.391020959525668 4.250189958938854 -8.956434742485124 -1
-4.492566214387071 3.3588263592573346 -9.552226120874927 -1
-7.558547834062741 11.781346950194651 4.648234295493731 1
6.286575019518743 9.369687914398803 1.9624832409172113 1
-7.683981491120899 17.961279547354756 4.483869840911807 1
8.743232209501944 19.134793079803895 10.191672396675635 -1
0.4959322396613732 18.407860653763997 -11.029364639906854 -1
3.808778247762425 20.27401373894111 -3.9410108419793626 1
-7.830344025661926 4.248537424877317 -6.394468246464463 -1
5.308320473559564 15.253893037029448 -2.4575584868831295 1
0.004833314392376633 11.997678340658627 14.136824219578667 -1
0.3483966631829681 12.262473921825098 14.108176182109105 -1
2.941707082826889 9.591159843628828 -10.868837679825877 -1
-3.0713220041424 12.22432771386234 7.642035813318537 1
-5.091506405793019 1.4227139676414224 6.802039235215618 1
8.713323163929049 0.12496097507708503 10.221367627954036 -1
5.198586830173954 9.828246737926117 4.717722850613496 1
-0.2743805678879159 16.594782594528056 -10.967129304994724 -1
-9.103319415858222 19.38192601729121 1.6282362021696783 1
1.6305647523349358 15.125069453695323 -4.770769554910392 1
4.980326849864375 2.644551710850803 -2.8889052462021794 1
10.966539041164818 15.100941795915007 7.2584466377717325 -1
11.158682307745595 12.925379657763118 6.901058980168351 -1
9.563971530677277 8.121086452181647 9.296313131365949 -1
1.8413235618822998 16.48949483044801 7.38344484293429 1
2.4316641115483826 2.128225273703815 7.121204041549047 1
-0.7628978738065484 8.461695296876595 -10.899023752991734 -1
-6.442937161922184 15.590330213498863 -8.06352747443779 -1
2.0535181072445847 0.26111003755195916 13.838313486329913 -1
-4.865463813070122 19.491836070257293 -9.321040990950989 -1
6.131459516490486 9.664693205521125 -0.693516930942554 1
12.546867944712774 1.462125387652274 -0.22042776831307506 -1
12.229248740238289 19.108548294066235 -2.0516490021828218 -1
4.2557495447734786 2.5893944983331267 -3.608804427597994 1
11.394404525027937 18.79041492469118 6.422132629032444 -1
0.7511027570523701 4.306260476454662 -4.809020923697994 1
12.32395749454695 19.571764503662077 3.655731512829232 -1
10.754414425786218 10.456511915779442 7.624747845052407 -1
12.563262457275075 7.56008518874913 2.0343423581739835 -1
-1.4089381843307975 3.378295050759647 -10.773801746173616 -1
0.33691343556107406 15.253895393547296 7.8035645151464195 1
-8.965019353101916 17.540771915201024 -4.086508886990041 -1
5.444075962104825 6.696456811268424 4.328085570390536 1
12.089047304232455 20.539372658747553 4.583439829917963 -1
6.349378462897805 9.92693490405049 0.6042429872080114 1
-2.8257485615525386 11.889032319930376 7.703647933396678 1
9.117296786069966 3.0803725937470143 -7.6028132952411855 -1
1.923036432294867 2.094632781575533 7.350722441404122 1
