6.339445414311871 4.116098042459495 1.5126664471416233 1.0
-4.311822545266805 0.8133066615339678 -9.656710203003014 -1.0
-7.358947072880482 12.93309687890603 4.894276796270897 1.0
10.896852280131904 11.857256890061826 -5.29272316087866 -1.0
10.569989587718863 2.272847190350877 -5.8140397052993755 -1.0
3.9444550544654313 15.57429694672446 6.120597760403913 1.0
3.737176256548615 3.853122548843211 6.291795010246244 1.0
11.734408842590888 7.321462931078411 -3.5851109389879428 -1.0
5.282283719887066 10.090111358533546 12.686907546620283 -1.0
11.936657272046125 13.522455076856414 5.067701158690616 -1.0
-1.8490863432277436 13.054154934516326 7.87044197676377 1.0
-9.433741874501154 15.985053192604145 -0.0884801226290378 1.0
1.7583055972452364 6.019672163181483 -11.014413176176255 -1.0
4.804804063486647 10.3400893109931 -10.370444751225305 -1.0
-2.7965313104494807 14.320113958762152 7.710441395645913 1.0
-8.383625560602113 10.70936698104392 -5.4539520859695365 -1.0
-9.449845093933869 16.1324386527124 -0.2746723147525883 -1.0
0.6265780882545442 6.298665271661141 -4.801442596152408 1.0
10.09783677652447 11.48449580277635 -6.476133612745746 -1.0
11.649127250226362 5.1375435609766225 5.840123492814079 -1.0
-2.3884546438746814 9.315543117655086 7.793582457485255 1.0
-4.884323465741089 17.01030372003246 -9.308766019446283 -1.0
3.5366468150853887 2.1812051611940073 -4.110879200399443 1.0
-2.688186484649128 4.829679516274599 7.734646024341181 1.0
7.959118840351986 16.627052562525325 10.912937842743222 -1.0
-1.5581954064098669 11.89736789902244 -10.739027793268066 -1.0
-4.788204056060037 17.375761994732343 6.9696441810115015 1.0
11.088515265393506 20.473608639891733 -4.956816987316376 -1.0
1.1921653054702874 20.269713973778636 7.605631465996889 1.0
-8.063448608634747 19.943754604883154 -6.026365732323334 -1.0
12.176400193642422 11.587525244578847 4.270984740990664 -1.0
-7.274385869293902 1.9432586964673964 4.993259335809674 1.0
11.74616178023675 15.549046232130598 -3.5553862394913938 -1.0
5.9265957407554035 11.850246341160732 -1.2993509019455878 1.0
3.9378540101443846 15.66301229895224 -10.64487482780156 -1.0
3.9710300427000758 9.563187613268976 -10.635765927762042 -1.0
5.973269046311961 3.268922997911594 3.195827113783326 1.0
8.734210299779061 20.91500966075132 10.200649508917866 -1.0
-7.59164508812339 18.683512811775547 4.605634229026165 1.0
10.019764354841278 16.878737382651156 8.719453113861519 -1.0
2.8190494297150446 8.640989932600796 -4.459815626100366 1.0
6.360526833480852 4.4762939732426075 1.0661019264061622 1.0
2.226715663696361 6.1832354689131135 -4.653379777259039 1.0
0.8563899120925814 13.081558132865569 -11.039825572591017 -1.0
-6.478807824397293 5.2125580764177055 -8.028523644525013 -1.0
-9.262728987610783 16.793299781973353 -3.007406949243582 -1.0
2.033268014321126 0.39652686751008737 -4.69973172393238 1.0
-8.373296560746901 10.087379194353561 -5.473878051549865 -1.0
0.27003567317536353 15.4143211088326 7.814776799576249 1.0
-9.449044589634187 14.35492578657997 -0.26428063988884204 -1.0
5.01548917529097 8.84694233916297 -2.8465398560490622 1.0
-5.547548867638031 14.557270083022704 -8.838273082959686 -1.0
-8.16761555549332 7.711151667259415 -5.84961799029878 -1.0
0.30427161385996254 4.8812695499151335 -4.7664368522067 1.0
-4.712592941266632 16.486061855721882 -9.418434511112354 -1.0
9.80510502287829 15.260808321842687 8.99932905270103 -1.0
11.186286317252925 14.835602463688932 -4.775271481112224 -1.0
1.0485190924583565 0.6665717174020792 14.023392636540786 -1.0
5.205339887048235 5.0282135302129385 12.725415988410434 -1.0
11.262615823392576 7.792209016403962 -4.628177922269102 -1.0
3.2401800036609707 12.219453401801108 6.653819215080466 1.0
-4.06493245671017 1.8477625014072143 -9.791866019039162 -1.0
-9.022542892670469 4.874708140100888 1.8897315360971891 1.0
6.313064486195352 17.062835629906413 1.7703140244764883 1.0
-3.7041123993314287 15.807547835935425 7.445100469405906 1.0
2.5380834604453955 16.900314891199397 -4.5615740084940954 1.0
-8.05379750301977 6.183311163517631 3.9472333528451355 1.0
2.357576997165212 16.392998996562753 13.7671609349687 -1.0
5.410199412867626 4.720512369496373 -2.304403261998068 1.0
5.267360278453902 6.0868321906259295 -2.5162754746151204 1.0
7.314613018297007 17.828619404280722 -9.096747131358446 -1.0
-6.96999009750776 15.627475737886016 -7.512153347110786 -1.0
-8.832080471511714 6.977316736278788 2.4192378966903854 1.0
4.84452560887572 11.914021949974563 -3.045038796329625 1.0
5.712592045171891 14.69261773594039 3.82107503780152 1.0
10.677005824717128 1.9306449625321696 7.751948905230881 -1.0
-6.114543063469247 1.1298467412949442 6.104538795877376 1.0
-9.210640774752882 18.118719529210747 -3.236334273412755 -1.0
0.27900481063429844 13.229378048438546 -4.762737712402926 1.0
2.2883564816273774 18.262716186084187 7.190520373585201 1.0
-7.313708457885662 1.8415083720258472 4.947600158157362 1.0
-5.1518349775401076 18.18398031184278 -9.12829850780586 -1.0
9.313939521477606 0.8661987694306045 9.58675573671725 -1.0
-3.9920481661839426 20.12165590542497 -9.830147138113242 -1.0
4.117472623984369 4.774729621245882 -10.59425641712949 -1.0
6.047626317591593 15.789104140237662 -0.9675678645177751 1.0
7.990429543022999 8.41572205996011 -8.606482484311263 -1.0
12.541430328195673 8.464583912751298 -0.2750180206490585 -1.0
-3.2642732976970645 5.319026343503513 -10.174289820622125 -1.0
-7.390273963307661 10.643607443865658 4.8568412887010854 1.0
6.09617393458544 3.8757633233024102 -0.8145622077020634 1.0
-8.04809462379518 1.1987645520636492 -6.051733167117299 -1.0
-9.34994240919149 7.705457296010926 -2.5475283605473833 -1.0
6.0456300380358785 15.116583019670355 12.2709483269294 -1.0
-9.081816547152153 9.95766524847734 1.7006072971401787 1.0
-9.446152090295028 19.37502582952543 -0.22791672969745427 -1.0
-9.187995545282204 3.57256832481363 -3.3285880910503503 -1.0
12.323079596629062 15.086017372107753 -1.6510110467842085 -1.0
2.6919193153458854 18.265750419923528 -4.50814023137439 1.0
0.28615297369484505 2.7155048713217163 -11.017824940537794 -1.0
9.691199154495749 20.45517203277039 -6.978468170696778 -1.0
4.335697672906126 15.838528049220177 -10.528423892592974 -1.0
11.50789339057546 19.25022657101275 -4.118546401523076 -1.0
-8.528088830454687 0.7917596641098334 -5.162932385557824 -1.0
4.37179240657994 6.002825788049931 13.10521788102542 -1.0
5.99649113956318 17.281065437272282 -1.1152029204724947 1.0
1.3767136010426908 5.769406228238568 -4.798205976078738 1.0
-6.529622692649248 1.086202908994598 -7.9783462715093965 -1.0
5.090689761848306 3.106808906398706 -2.7530450239003637 1.0
6.1144963057447255 0.3463460532249357 12.230257444261571 -1.0
0.5588389319202183 16.430749079501325 7.762017790644116 1.0
6.327428729254372 7.331553757247702 1.6427591270610926 1.0
-8.322924408749534 15.743234757632987 3.4955092920338195 1.0
9.126925897810942 1.1540212365609965 9.793386866562749 -1.0
11.808514388476427 1.6421626968628598 5.430647403907745 -1.0
4.890512968672925 16.576151023541378 5.137789919923311 1.0
-1.101916600358831 7.779199109239166 7.915968196279297 1.0
6.360949255246083 2.330211288981625 0.9617663654320514 1.0
10.555446108059117 8.509536498873116 7.945399222672697 -1.0
4.172235184991481 13.677274400772843 -10.578185500745983 -1.0
6.193929937933395 9.16205235136488 -9.761740342161733 -1.0
10.668972981414221 4.2519781688154215 7.764965169876629 -1.0
10.518508607656274 9.321681190033196 -5.891021077895488 -1.0
-6.155605664537937 15.585110044346292 -8.332070754780448 -1.0
2.8884702373960804 2.0163169372205707 6.873962211480169 1.0
6.075775871647032 10.746146541424178 -0.8805728233222887 1.0
-0.13659298827585503 17.715945339123405 7.870150467899165 1.0
-0.9360515992115386 20.864416693480972 -10.869437598112292 -1.0
3.4447623573167863 13.245879725987322 -4.163266515379246 1.0
2.5919250348731144 5.994939925614107 -4.543491966333152 1.0
0.7402157705280623 2.646456914286937 7.723036379220438 1.0
-6.761587891131579 0.2804697660688348 -7.740086570333786 -1.0
12.521260018514955 7.101268042106498 2.45775966197284 -1.0
3.13332646918064 10.170723636900686 6.723640120753008 1.0
6.331970752009966 11.470011980901017 0.3824329054970393 1.0
5.694898510895513 0.7568268557257881 -1.809651851275133 1.0
0.7094829589485101 1.2857134757071895 14.0689025069111 -1.0
6.357345519691534 0.48637580674532743 0.7725714592369416 1.0
1.1421878331340114 10.655178254351206 7.620070345530747 1.0
-8.05394071545306 5.598411507600762 -6.04209438097679 -1.0
0.4224163198407147 9.351421060720302 -4.781875992247355 1.0
10.632041038319924 20.44579443315887 7.824377518169123 -1.0
2.9634895761890854 16.75330260252264 13.603622258136948 -1.0
-8.562933077743928 5.9666358358248885 -5.088973556897749 -1.0
3.9496710527317713 11.671514211882538 -3.843855831212153 1.0
0.02448172891476766 4.1493478545349145 7.850825108894217 1.0
6.36509643380786 16.60261809456897 -9.670984049520326 -1.0
5.897601658979337 1.8400125510244436 -1.370776373000274 1.0
-8.73097810409056 17.59643473113429 -4.707680680818346 -1.0
3.92070905341297 5.066513633609523 6.140875750543406 1.0
3.30840091691752 9.119508599875743 13.497230667262667 -1.0
0.11620067777046499 8.985093121875199 -11.005518866349586 -1.0
4.760580501112371 2.1444607709963597 5.296963884500372 1.0
4.88774055829531 19.085088417467116 -2.996595273169472 1.0
10.324614585046039 3.129237561452287 -6.169957937908467 -1.0
10.725072826396422 19.058928479437846 -5.57405433997658 -1.0
9.275181870430089 0.21952519174199892 -7.439832639113575 -1.0
9.624971376885293 3.644222085893159 9.222821206330185 -1.0
-0.8270543761097394 17.621911744988545 -10.888397184337329 -1.0
-8.050174710266175 6.515347373400196 -6.0483064113221685 -1.0
6.25550625120892 17.828699186919792 2.147604113189394 1.0
3.317036436801174 19.138222940121995 -10.795573888091443 -1.0
5.959956033833036 18.897923445278646 12.320814573341302 -1.0
11.278109322884832 18.211801199170075 6.664589140332323 -1.0
0.8528841564650906 17.593005975771515 14.050679289931693 -1.0
12.310531644290425 5.326499775677204 -1.7082503114436292 -1.0
-8.972689672808926 17.703170696973388 -4.063768434894215 -1.0
-8.035739950116223 12.970189912468374 3.9754914220150277 1.0
11.245431458092211 20.667716241330908 6.730486866767282 -1.0
3.461794458038851 12.821343083138768 13.446731149203117 -1.0
-6.562916927149312 13.685665684256467 -7.945088007238042 -1.0
-2.4790045627868347 13.743768399699652 7.7770122473080985 1.0
0.7474121193056343 11.598873514075992 7.721395232361985 1.0
12.1013999849032 3.900332129452144 4.5410396364924095 -1.0
6.039079468055953 20.60050378786442 3.003396628322906 1.0
6.983532452351923 2.0146693273351195 -9.311205905071748 -1.0
-2.4443158163321983 15.713520494492963 7.783485851890999 1.0
11.722834252619336 11.01698661459128 -3.614164671234896 -1.0
10.740730945203062 6.10595422339021 -5.5491137996164515 -1.0
3.636114525688942 4.792005803385876 -10.7227725799654 -1.0
-4.253488007210652 10.57852237919463 -9.689420584201578 -1.0
-9.348643452609426 19.57110039954794 0.5572737253443512 1.0
12.605157156342022 12.056725332721673 0.8572023298769712 -1.0
4.743222507763971 20.784636932409203 -10.392487159262153 -1.0
-7.681731083596245 9.025233525420164 4.486890033612114 1.0
1.443127523973909 8.743470712456848 -4.792312946300177 1.0
-2.2629368193731128 13.185423368770673 7.814797461100592 1.0
6.584873101290549 19.054734902822013 -9.54896506638192 -1.0
-8.951787570214282 1.4578775152122256 2.098642173328036 1.0
-0.8298342662107648 11.558466003448956 7.915060411386449 1.0
-2.5875376141661315 3.2467225378272557 -10.436564009916443 -1.0
5.477899208416571 15.089776807094584 -2.1964534633284156 1.0
6.321940148253748 2.8435449415108964 0.2861091709305531 1.0
7.18244234986826 0.09547579442589804 -9.184279742394171 -1.0
5.502024027270618 11.287839697239397 -2.1566768787023745 1.0
-2.750920509712051 0.34844883956984096 7.720820212205438 1.0
-5.768776432705536 11.245805245560769 -8.663130043978876 -1.0
4.694326379571174 0.9595334337789926 -3.2050868429187274 1.0
11.755770923290225 3.233566681957967 -3.5309132045113634 -1.0
6.688341209380036 17.703219391709986 11.869286664072005 -1.0
2.7359549898693403 16.756517695010615 13.668480025130743 -1.0
11.713700141659473 6.375480591547454 5.679131462895204 -1.0
-3.8177513732796893 8.368361132202887 -9.918789413976413 -1.0
8.214288726141643 9.435176190188447 10.6906626929177 -1.0
6.0118998547566775 0.4312387155565591 -9.854264487296065 -1.0
5.206952583149372 12.968636416308648 -10.216549047934482 -1.0
1.9253679289707515 16.895652299289942 -4.722109815384279 1.0
-7.452761605289972 4.91761224036595 4.780885907792868 1.0
3.424259306740599 8.402696187602283 6.527146610641681 1.0
-0.12331216553533575 10.359597381004004 7.868685436146705 1.0
3.8959051671832463 10.53950349707329 -3.8817084265892148 1.0
9.216507125356788 7.003252392814056 -7.501132667128985 -1.0
-9.475868925532733 2.2138258617135156 -0.8302179209054782 -1.0
-0.5792518872138644 13.45696459034696 -10.927271886187091 -1.0
-3.5788424438319884 3.1808516018975683 -10.033817813023516 -1.0
-2.8478145342473202 4.098709836961934 7.698442012813708 1.0
-7.822098267384767 1.205220549513304 4.293182852841085 1.0
-6.008347446012678 19.209635492680434 6.187492978725738 1.0
-9.082558004608277 17.44407191549153 1.6981476017553618 1.0
2.1882232024084036 3.3390898335783596 13.807677156279881 -1.0
-3.036854740813874 18.22184018529233 7.651172982303425 1.0
0.5634213181154039 10.65326228700012 -4.796343156157932 1.0
8.996992029845002 2.6943287849065642 9.931980594029122 -1.0
12.036501238524586 2.375472758391195 4.758075276992809 -1.0
-1.3861387299483579 4.678753390642142 7.906944529019097 1.0
-3.5954080682159373 18.686576475569694 -10.02607825475531 -1.0
-1.8498259608457588 9.469363816481133 7.870361982676833 1.0
6.092551143490183 14.64140309335114 2.831011100923824 1.0
5.868245766402111 8.196093226892696 3.469417618746394 1.0
-6.293297288629811 13.075098967956599 5.958676905302743 1.0
3.4251857244651123 15.045410334796765 -4.174117931397491 1.0
-1.6119811598520266 10.518044023692806 -10.72594836697422 -1.0
8.804534349041745 15.961705709189097 -7.908037662092009 -1.0
8.059739384043377 17.484678816483672 10.82663302853697 -1.0
-3.2616427625108257 11.758815944695938 7.588667591907655 1.0
2.5268484223957284 11.420903783266116 7.0730541853781554 1.0
-2.9249203481436394 12.347411911878964 7.679740747762355 1.0
12.495635218549756 0.5282393835698997 -0.6641295101700648 -1.0
10.599439581684146 20.771139021766057 7.876245040604224 -1.0
-6.767332078513693 1.486258707698005 5.5303154369307155 1.0
0.09765854063657547 17.169918559365474 -4.732016256919833 1.0
1.967981399952555 2.8777509767889864 -4.713566907954357 1.0
5.88318013276401 3.2134125451986035 -1.4053492720903895 1.0
-6.222232662018211 7.544075647822375 -8.27161426817235 -1.0
4.8200127671705495 5.322711361331676 -3.072025529580691 1.0
2.5121268270835073 4.594052178422374 7.080613368644432 1.0
2.7522441390717174 11.831052860946087 -4.485686064640679 1.0
-4.3799877579148925 10.081310323710758 -9.61786660683556 -1.0
1.0450048402398595 1.9539842432037302 -4.814030889467006 1.0
12.504405732016805 10.792037735418472 2.5962598802669428 -1.0
1.9127780358981912 4.1457735986768585 7.354891344285052 1.0
9.05387409415618 10.085677151973284 -7.666552938071012 -1.0
-8.291373114038231 5.817425342659747 -5.628162659644647 -1.0
1.785285706185733 0.220158625544576 -4.747497173150192 1.0
-8.18785251971093 18.643405234954727 -5.814295112434795 -1.0
-0.8014977804542561 7.851867817655005 -10.892677481104661 -1.0
6.3609857558614955 8.740556920305716 1.0033650962692198 1.0
11.533700062047762 18.429232502182508 -4.061180361898712 -1.0
-5.1340400131410275 15.97618942893554 -9.140680049564514 -1.0
-8.611755102909214 11.510360000793634 -4.98259166534227 -1.0
-3.6538905417507515 18.949160238861428 -9.998475700618787 -1.0
2.044443360717082 19.334727838269433 -10.990955831193185 -1.0
5.360524878103892 9.774256864754257 4.467262466018458 1.0
11.04383494170755 11.87858220198759 -5.037387809597857 -1.0
12.481560116138013 0.599718746425661 2.766598579027868 -1.0
6.304070199212982 2.9469429911163028 -9.7037648133527 -1.0
2.6931819781193123 8.399962026785165 -10.910094410405957 -1.0
-8.854800304454352 17.369052217451028 2.3611270815196628 1.0
12.474797337506446 9.563218769908188 2.813922653073265 -1.0
-0.19897711683379254 14.56524732540607 -10.975643826421264 -1.0
-0.0031541616920850372 13.397587258112628 7.854382580468046 1.0
-9.455813216279719 13.773543572077196 -1.633059439763345 -1.0
-4.6087876286023475 16.155698889161556 7.06128663734124 1.0
1.443833206614529 0.004772248197607354 -4.792245446993636 1.0
-7.601895024451326 6.314604341640301 -6.724054909649098 -1.0
12.56438816140914 14.604901256448356 2.0205737759172187 -1.0
6.038928333715198 1.9086358572349356 12.274879122876316 -1.0
1.7073311395916824 10.996598004408453 -11.017812373239657 -1.0
3.571665060166361 18.78649560124388 -4.0902720098099685 1.0
-5.676983494185394 20.237823212261034 6.429746039851364 1.0
1.9649132354629826 14.819451936811996 -4.7141948352724805 1.0
6.338108404530546 16.044606627003468 0.4499727546626656 1.0
-8.193251908706337 7.236765028013471 -5.804813998919254 -1.0
6.330940166059153 5.288856892837985 0.3718285177046639 1.0
-8.13582541388628 14.011391422935223 -5.904442956073271 -1.0
-9.473643603438278 3.1354053167806177 -1.2577093877741896 -1.0
12.184406459194202 9.889250537832272 4.240741512762965 -1.0
5.573846418207689 0.46813068909287137 -10.060655089895334 -1.0
10.432847697393127 15.95393217452579 8.13325731965862 -1.0
3.674157305390424 4.318798678038441 6.341339868147859 1.0
4.716144113846369 17.652399956645702 5.349289978257915 1.0
3.4639478058757076 16.271940979470315 -10.763265629411228 -1.0
10.570718885902364 3.699444948501948 7.92149916500274 -1.0
2.140754894182519 18.57573460247669 13.81863314652499 -1.0
-2.5844261175068093 1.9543430346259574 -10.43764931649388 -1.0
0.24517045071503327 4.245957354030145 7.818792435895632 1.0
-5.588053966601602 7.820515140006697 -8.806932569796164 -1.0
12.39203084443049 3.6467699262358027 -1.3098276925663181 -1.0
-3.7922207648065185 7.249908597220793 -9.931435027130163 -1.0
5.219975729067674 11.922508104443251 -2.58231592924016 1.0
3.2033766302169617 3.2959918724818253 6.678167224454747 1.0
1.7456480733436934 16.29054904417816 13.903100734873608 -1.0
-7.029506216913574 0.7068931323688656 5.264014545861089 1.0
-7.74591301692186 0.23012879457377267 -6.519565064565617 -1.0
-9.364170417634982 6.7225904655686115 -2.458517070896007 -1.0
6.296820873052108 11.061269197694422 1.8930482821209726 1.0
6.273898297001988 13.22425786847234 -0.05666203732439144 1.0
-9.433701768522567 18.511790495473313 -0.08806471116538588 1.0
1.2948425411443811 13.463922630297382 13.985027005482186 -1.0
-4.558764587926298 0.4764462258139168 7.085877022933584 1.0
4.937926588714186 14.598996254811178 -10.321423997752268 -1.0
6.346120135637384 18.57768775944428 0.5539083858511341 1.0
3.3244482904697086 15.779276204056826 -4.228273098460911 1.0
6.1754517887146765 5.524637393286918 -0.5276351712377421 1.0
6.227811679998463 10.65906429412493 -0.30008811524842194 1.0
3.334142234652952 2.608011289493297 6.590194548905988 1.0
-9.19185803847301 12.783239543962852 -3.313124698654959 -1.0
10.126190545735184 14.55956887813117 -6.438950017331794 -1.0
11.753287373619077 1.633510866693872 5.577235041861199 -1.0
-2.9203037095353173 8.48571144619469 -10.314212342782872 -1.0
12.53833599331453 10.783224677585077 2.3023937758308164 -1.0
-6.242578057665208 16.948392098608267 -8.252940379771719 -1.0
2.8508865540943598 2.0782925209584144 -10.884580468013313 -1.0
-9.181237708846679 9.923166290993578 -3.3553873452113625 -1.0
11.31792053261711 11.91417880906939 6.583021356142459 -1.0
2.46153213361087 11.255657560400952 -4.586149173697465 1.0
10.767831107854484 3.8695206311230534 -5.505625491601262 -1.0
5.956282415672531 12.322444346680342 -1.2233463213765603 1.0
2.766705204882665 16.504131750752943 -4.480175929994722 1.0
2.7806726489423355 20.95944303278558 -4.474806826396552 1.0
2.4474543125171855 1.107321566069447 -4.590524762062315 1.0
-9.466967242150753 0.8962559356358943 -1.4372353766283805 -1.0
-5.332700336033733 11.107624423148883 6.6567840667988785 1.0
0.04667701535656214 12.67096870715998 14.13378736472913 -1.0
4.897107383782669 1.7273217589799528 -2.9859460186083986 1.0
0.43698666363538025 14.906129118875306 7.785659580413977 1.0
0.2887006841907977 2.4389062585682986 14.11376211755926 -1.0
-5.063831252019516 4.143352082370168 6.818014143177433 1.0
11.61647983224809 16.364994590449328 5.919227657138063 -1.0
-8.011790208682998 9.573457193529128 -6.111049686380851 -1.0
5.842469719410471 6.485842501181792 12.387853414937561 -1.0
11.516923337371338 7.721191365270893 6.151818301207678 -1.0
10.52626581711432 16.029461089966155 -5.879503256862579 -1.0
1.4801637367432152 3.7893971932944823 -4.788631601077837 1.0
4.7567229463537535 2.892599989429123 12.93815330713013 -1.0
-9.445752249534653 10.518078391153132 -1.7682602596902492 -1.0
6.175958200104021 0.31295323168645994 2.521260479117264 1.0
11.96889403551631 7.293180130798663 4.970609149852508 -1.0
5.847572534431202 7.092481832919098 3.5193846954667687 1.0
5.810738102655751 10.597256895840209 -1.5704650085619885 1.0
6.055798273493523 10.339961634035827 -9.832322369942496 -1.0
3.396537581707143 7.356207969303394 13.468456989974063 -1.0
-9.218571837267206 4.250189958938854 -3.2030703519369284 -1.0
-7.726325842279637 3.3588263592573346 4.426534913701376 1.0
1.0180501409988283 11.781346950194651 -4.814319126380506 1.0
-5.6414458719912535 9.369687914398803 -8.765129561254211 -1.0
4.496842884595938 17.961279547354756 13.052470115909049 -1.0
4.159417782729382 19.134793079803895 13.19150591249614 -1.0
8.257687992149046 18.407860653763997 10.651717902051695 -1.0
6.360185372345614 20.27401373894111 1.0902638693412379 1.0
-4.2372351907139265 4.248537424877317 -9.69844768296705 -1.0
-5.8682173459198035 15.253893037029448 6.292927529263819 1.0
-2.249316978511407 11.997678340658627 7.81697737275687 1.0
1.7102626441380684 12.262473921825098 -4.759404166546752 1.0
12.206544818792066 9.591159843628828 4.155518888261135 -1.0
0.6415377721011594 12.22432771386234 -11.035012818696663 -1.0
4.0647835466928175 1.4227139676414224 -3.759464445373448 1.0
11.437138109849343 0.12496097507708503 6.3296943160068375 -1.0
10.724254180349245 9.828246737926117 -5.575354578427529 -1.0
1.1592504042407088 16.594782594528056 7.615182273733607 1.0
12.300537813388743 19.38192601729121 -1.7529376899919749 -1.0
-9.471920040308422 15.125069453695323 -0.6755887174128019 -1.0
0.9746484938153113 2.644551710850803 -4.814467020079773 1.0
-7.127094470193922 15.100941795915007 5.158824350696646 1.0
-7.8012327684819045 12.925379657763118 4.32268320525175 1.0
5.414278338096826 8.121086452181647 4.378577874767795 1.0
12.531962702507174 16.48949483044801 -0.3647825672096506 -1.0
7.876226080769387 2.128225273703815 -8.694602395428484 -1.0
-7.0228329992461065 8.461695296876595 -7.452100292021835 -1.0
-9.336426503684642 15.590330213498863 0.6285313084134873 1.0
-9.239613524648643 0.26111003755195916 1.1063083619439795 1.0
4.243468297740208 19.491836070257293 5.849210835605669 1.0
-5.7168787335412645 9.664693205521125 -8.705100818802027 -1.0
8.628325384512152 1.462125387652274 -8.070400778423904 -1.0
4.049042291225955 19.108548294066235 6.029129374630389 1.0
-9.422900814041363 2.5893944983331267 -2.0104247886554636 -1.0
4.509359313418938 18.79041492469118 -3.3860419599089067 1.0
4.899741553977532 4.306260476454662 -10.335677882717304 -1.0
11.58280190213129 19.571764503662077 5.999318116806298 -1.0
-8.114425658305075 10.456511915779442 -5.94090369839239 -1.0
0.7322372944742132 7.56008518874913 14.06611096213847 -1.0
6.355604448621568 3.378295050759647 0.7263181812489939 1.0
0.5538439378101043 15.253895393547296 -4.795495609191211 1.0
-8.288847810724375 17.540771915201024 3.556170627906033 1.0
8.093361726102975 6.696456811268424 10.797408235759985 -1.0
12.595340762507883 20.539372658747553 1.5137953825950203 -1.0
-8.885143830819617 9.92693490405049 2.2816257926952 1.0
10.504025889426224 11.889032319930376 8.025042831656867 -1.0
5.800259319657876 3.0803725937470143 3.629696862715695 1.0
2.0581279071628638 2.094632781575533 7.294169064703974 1.0
5.03717135419019 1.8168596551054295 -10.283646964975333 -1.0
5.943508830756538 15.813290371232771 -9.887984441809165 -1.0
0.8560278185270509 15.588075301966391 -4.812875584422328 1.0
3.207176555220907 6.625633532641058 6.675668010663782 1.0
-7.391308094981492 17.751602971214695 -7.004930804831645 -1.0
8.18573573836805 11.225479808991388 10.716100531735774 -1.0
-0.42187763839407083 17.483977444109154 7.896097368225402 1.0
5.289888940124103 3.9067136812744794 -2.484172814751293 1.0
-9.465719881224679 5.7950135417317306 -1.4632161822940264 -1.0
3.4121630780975054 12.244209489769103 -10.774888910478317 -1.0
2.4174922021942837 19.528980706005502 7.1282274674366395 1.0
12.379857297197614 1.2032033469073085 3.379591977302758 -1.0
10.276929703449266 17.18424430175566 8.36252737036309 -1.0
9.79805850088741 3.457082463398469 -6.851769612797049 -1.0
4.508684294398967 9.233828219366453 5.580711749764854 1.0
7.430108931843952 7.696935973721461 11.339713783714826 -1.0
7.411089559907697 1.3813545418057742 11.354256170339093 -1.0
7.90095264031663 16.543986468407862 -8.675713367832698 -1.0
9.912223803914541 10.760149253943052 8.861593148833117 -1.0
5.467665066079855 3.713608587273713 4.287403963695134 1.0
-9.36679998056432 10.937455568344886 0.4446156807985745 1.0
12.044901552530085 12.411190349649987 -2.706859302860108 -1.0
5.69251824217173 9.335310904578243 12.47119913174584 -1.0
-2.911613080521811 3.0031681074424927 -10.317568063371596 -1.0
9.903442815177282 20.18654630834862 8.873025649145198 -1.0
2.67128186697608 8.77316530337115 -10.913455175905185 -1.0
2.0149614682348087 2.730527881490284 -4.703702573615221 1.0
12.56872453891033 13.670854593956179 0.030036996383269333 -1.0
-2.773592936365958 12.3460134261166 7.715695518322924 1.0
7.621746507217704 5.349487616277667 11.190163081583071 -1.0
-9.147123840096407 6.036089436124004 1.4735572420103955 1.0
5.452009295779442 16.91085605404329 -2.238359161107517 1.0
4.537872141262111 1.180360167733772 13.034846117538242 -1.0
0.7785696013570315 5.842025451184186 -4.8102528143238255 1.0
1.0335807142084843 19.67093924336946 -11.040643917267333 -1.0
5.852546428233842 17.606537969506288 -1.4768379642782208 1.0
6.140851595019438 19.07165094113583 -0.6596347991931636 1.0
-1.7394501840346552 12.486958836883531 -10.693780630777097 -1.0
2.4024772002834496 16.243527709023272 13.75604291049724 -1.0
2.951700646026665 7.226099880955232 -10.867058398031393 -1.0
9.303795520158749 8.061212711341733 -7.409617529818013 -1.0
-6.64180917210477 7.936765894389637 5.650032918662793 1.0
5.8163205376362015 8.945247214059235 -1.5582107684212945 1.0
6.028013948184579 14.844854790921262 3.037129534577512 1.0
9.511601902784381 5.127583214736883 -7.183618064477575 -1.0
2.572897412977901 3.7334086152204877 -4.5499578575206066 1.0
-9.291286666646144 4.545774742855284 0.8674201769853886 1.0
6.35940198647684 15.212198364532195 0.8454413309893496 1.0
-3.5229612482951023 13.261227405103142 -10.05967005450127 -1.0
-8.774588759494039 16.68523297886706 -4.601039245799444 -1.0
-8.113128911610605 16.500088790446984 -5.943101792531737 -1.0
12.301343551216831 3.0445238000415973 -1.7493633849260781 -1.0
7.375915415575972 1.837251241198555 11.381010498425782 -1.0
6.331834812451422 5.391895412324269 1.5982929680125895 1.0
4.819242678492364 13.442465659628368 -10.36521876878952 -1.0
3.2797618765461 11.963865692231073 -10.803444470940386 -1.0
4.643346143239676 18.676207102926004 5.432839554780396 1.0
9.511467002350226 19.280979181550872 9.358720009143395 -1.0
-9.280780602051225 3.200083722993683 -2.921486258839769 -1.0
-8.519806025375201 2.498685107862607 -5.180283441819192 -1.0
0.7705703023020709 0.21112653943177395 7.716064621391189 1.0
-0.3944567710196444 5.876629257366733 7.894059793600524 1.0
0.07627863677036581 2.5813643321098825 7.843886462502778 1.0
2.763956786838462 9.61035756833452 13.660723826910788 -1.0
6.238321484792934 3.95643119275205 2.238090888375586 1.0
0.037255643870016945 0.1598409640782139 -10.998898394267513 -1.0
-7.715970625211688 18.82309751464453 -6.562976131311617 -1.0
2.4476478114143 20.948611925442584 -4.590464921217708 1.0
-9.038287909536235 16.92608512763839 -3.8612315662710657 -1.0
6.173573159169921 0.633526599756012 2.531025655650032 1.0
4.216420799884958 11.24179317343005 -3.640968585341525 1.0
12.15325795807085 12.810010521225898 4.356782058463594 -1.0
1.2679487970072916 17.87989644245609 -4.805893895119621 1.0
4.033625020731314 8.609118081014659 13.240690500828611 -1.0
0.4285647071171718 5.489337532202233 7.7872187426906905 1.0
-5.690344438292698 15.85061062174778 6.42044371452138 1.0
5.734027670761727 16.61259563394746 -1.7318737714363253 1.0
5.503098063072222 16.53308376192406 -2.1548892595608597 1.0
-5.935149983377929 19.903419240078577 6.243127882750729 1.0
-4.712421538690007 8.40437295414029 -9.418541636171733 -1.0
5.64852830496892 13.822544028578765 -1.8982921487849782 1.0
3.310140408272028 11.038360362522127 13.496669086359171 -1.0
6.359325388686732 8.781001017382712 0.8420718460607801 1.0
9.17747572153404 8.558241629660207 -7.541427638224881 -1.0
-9.126146793327722 7.79664703366009 1.548917065199308 1.0
9.761493954225623 17.72178186006819 -6.895526369698911 -1.0
2.140931079069349 9.887347632232185 7.257962184005071 1.0
0.6920648585842162 12.282891451186261 -4.805836105305043 1.0
-8.543785075879917 3.480078454152223 3.072736549779999 1.0
3.8420660331813585 11.490323114673588 -10.670567034056862 -1.0
3.1102135677751863 11.315188951554584 -4.334370362996339 1.0
0.24345706763243702 10.660229034483244 -11.014982886195133 -1.0
-0.9101638497747069 13.504698549295004 7.9163018492286845 1.0
-6.678279700893483 11.438358472334519 -7.827444356019645 -1.0
5.7172363385871074 6.683343361894088 3.8113178901355615 1.0
4.202243722973993 16.5520181319847 5.888483561354954 1.0
7.989542825452858 11.852932048605675 10.88702343818774 -1.0
12.469950747462125 8.727156065175178 -0.846107749044948 -1.0
5.961868544056738 6.886543907840179 -1.208695243152945 1.0
-1.9919083704949812 19.33361091211483 -10.625154117166344 -1.0
11.58710554554563 19.539854560808493 5.98916646458663 -1.0
7.572548452446827 0.2245267860881971 -8.918291281759089 -1.0
-9.468098188639479 1.954727860573783 -1.4122853815479244 -1.0
5.726598028524422 2.8158783156866134 -1.7468635125685612 1.0
1.8679332473954788 13.174077511067628 -4.733017523008035 1.0
12.575141246466307 5.495526233158359 0.1171582001819287 -1.0
5.191466633498281 12.233402106260073 -2.6211192491863056 1.0
-9.414846771813911 11.652941745908755 -2.0829547700311912 -1.0
12.044325241387416 4.207153950088689 4.73263018667534 -1.0
1.8114155623426111 13.798682520353841 -4.743074030827709 1.0
2.6979782945933817 19.807344627635835 -10.909352449178613 -1.0
-8.971925261052709 7.492121365382886 2.040845232212221 1.0
6.305778694208425 0.6678265877093392 0.1544208720818613 1.0
2.9767263433818667 9.94406782195102 -4.394487803516581 1.0
1.5001010389861988 1.4166094379329064 -4.786532649671219 1.0
5.287880022092616 10.484331101290742 4.582551262462896 1.0
5.043828446109981 14.535018351058584 -2.811778347869386 1.0
-5.332274630738774 1.5984699371745308 6.657050173430329 1.0
1.973158196989464 4.826430621578941 -4.712502907480787 1.0
8.580084090236323 10.444725211293056 10.351418526645979 -1.0
7.750669107705692 11.398605261410607 11.086378282072026 -1.0
12.063785124524552 10.39363278541978 -2.6456582367791532 -1.0
6.352568203846925 16.826942308686355 1.3161621194959543 1.0
-6.969050571896533 6.467144520458163 -7.513212511540582 -1.0
10.438436792503603 2.394415353791286 8.124843266832887 -1.0
4.18967900740631 11.765901814394057 13.179461436086374 -1.0
3.1795025925609273 16.151285854659275 -4.301375014292498 1.0
1.1394237120875075 9.138925437151961 7.6208581747804125 1.0
3.1671021455852357 1.7542116059204946 -10.826432861725568 -1.0
-2.6465649060312813 12.57047124241519 -10.415771040078408 -1.0
-3.366533231890211 17.767346885795362 -10.129963985211257 -1.0
12.511501005577964 3.848369098695549 -0.5407177748951155 -1.0
4.846316549226151 19.17235301911263 -10.355360099552884 -1.0
-0.15931598918394105 2.1766975524178096 7.872603776975196 1.0
6.292578714099043 2.6633000442940897 0.060969240759207795 1.0
9.510815305659868 0.08556275404827707 -7.184495962675776 -1.0
-1.9634226891950985 16.47636961052437 7.8572515541857815 1.0
4.087329551067794 11.770047437774526 -3.7423849574357178 1.0
6.474534276018156 13.870922870195933 -9.61100712125427 -1.0
11.721893876913896 10.958267451497385 5.658248396173016 -1.0
1.934274629515792 16.71066909383972 -4.720355991908793 1.0
6.341488606137242 5.2845271841555395 0.49113428229785144 1.0
-6.326854772682569 11.14011160374645 5.930390338630259 1.0
-0.5426541661227519 1.182389266609025 7.903923949367896 1.0
2.1026524607511528 2.883982613647585 -4.6840321131133225 1.0
5.050230048114893 2.981749315738313 -2.8038480430877164 1.0
-7.37585433912592 13.939127113022169 4.874125185549344 1.0
3.3416581084159467 2.2646299557893093 -4.219218951460276 1.0
12.244780872175644 15.89772584826671 -1.9892845790374574 -1.0
12.265669884351388 9.539353611441026 3.9150525206114706 -1.0
5.617466828494393 14.576680807089069 -1.9556906409915156 1.0
6.329919677153388 7.491274864890778 1.618007156995136 1.0
-7.346248293460786 16.128372064847145 4.909332109850874 1.0
3.751448733022853 17.163882558018052 13.34591361067646 -1.0
10.168744996613803 19.461617546165307 -6.3825716826570575 -1.0
5.635319154161398 4.3477888493003105 -1.9228877457579405 1.0
8.523667941687597 12.620086983317265 10.405409170137329 -1.0
12.497153543896548 0.7240339041278507 -0.6527274525072887 -1.0
-4.4679821251345055 6.152785141898218 7.129454949674634 1.0
5.855555470935752 0.8883207285504722 -1.4699285525171903 1.0
2.455328982708762 2.042622703327125 -4.588082683688694 1.0
4.284009918756709 6.319246635992157 -3.5853142212097375 1.0
11.435919844338432 1.2655990437387203 6.332356046495419 -1.0
6.296558348722962 12.24673631953064 0.08808957998894613 1.0
-2.2359988845844234 15.21274797917219 7.819085924954423 1.0
-1.2669394069616984 15.766134311866905 -10.804825414991393 -1.0
-5.731406808636184 14.660087430122713 -8.693407302881042 -1.0
-4.630593746476587 2.38053424317722 7.050437365154768 1.0
-3.126100950352199 6.02614779853137 7.627182339334744 1.0
2.972096572038016 5.505036672227998 -4.396492772864814 1.0
-6.865011935569894 1.3907893531114395 5.433756390727567 1.0
5.511532013939407 0.04571594846866733 -10.08820147393544 -1.0
9.758005705827594 5.656232392934216 -6.89967858511508 -1.0
6.322491514613125 0.710026670474106 1.6892345129276578 1.0
12.350242084698182 9.82511196970942 3.5297642605757633 -1.0
1.3324979717356589 11.357357624601683 -4.8016252801439485 1.0
10.53297534295897 4.300285016199403 7.980358462001783 -1.0
5.489923256637287 4.8047663811449555 4.248419860507127 1.0
5.546757143157342 13.71995283292271 -2.0809674945143257 1.0
1.1190070324055563 0.4120601099342367 7.62664255874997 1.0
12.577632026503327 6.287738077553373 1.841850937159871 -1.0
12.556012367526147 10.08872714406424 -0.1225527566318384 -1.0
-0.9232056887176731 10.946747978668364 7.916426362837837 1.0
5.374815712741328 20.138959070377886 4.443976461095678 1.0
-9.21202436111055 15.974274016661681 -3.2305685366098302 -1.0
4.003325041054928 16.871954569511683 6.06955039048418 1.0
1.6059531420350392 6.920773134388654 -4.774012863363617 1.0
-3.8713889331394147 7.912361250499388 -9.891942262411328 -1.0
-9.44143104207488 14.428188677775585 -1.8195427806718465 -1.0
1.9675282136410284 14.852310228473232 -4.713659782138408 1.0
8.94915433450097 2.3277763182482016 -7.769707684966059 -1.0
1.5371243729707447 5.6228076679372005 13.942892339443606 -1.0
11.714129677338804 0.6411882449108496 -3.635873034337189 -1.0
-0.7968998642056632 8.420873356810699 7.914315221556335 1.0
-0.15269722599473773 0.1285663611517609 7.871896117510776 1.0
-1.3727816535342885 14.046305886440491 7.907596481643981 1.0
-7.632881333141841 18.2468846997866 4.55179582749142 1.0
-7.449682597905174 7.892284551062668 -6.929085007258673 -1.0
-4.702510521718002 5.903319072643406 -9.424728123725547 -1.0
6.350750752467347 2.1283633759371794 0.6275585560522025 1.0
12.29659195490325 16.92003161255406 3.780615433801778 -1.0
4.55677252891407 10.169756434602242 -10.456806802803161 -1.0
6.3161420197096225 18.4101759892011 0.23614068380877562 1.0
12.503978938869912 3.1966565322403135 2.5996101249436045 -1.0
0.911576643349013 4.614043086083341 -4.813985243709738 1.0
-2.5102162804048236 15.398693012355611 -10.463216693443643 -1.0
6.237151373168849 1.3759318834327106 -0.2548113567887641 1.0
4.676823580000735 17.125736920287643 5.394745800243304 1.0
-0.693170729457685 18.05523599522298 7.911068922057695 1.0
0.27608001547319655 0.6638211648867454 -4.762300413246205 1.0
-7.403197166116588 1.4028681039109248 4.841274261742698 1.0
11.516315982092 9.933946576255469 -4.099910533797024 -1.0
0.9385647238574164 4.317973033576195 -11.040558837265785 -1.0
-8.975629486332176 4.7343187833598535 -4.0550036173334005 -1.0
-8.247925561283154 9.121949867227043 -5.707424301592935 -1.0
0.6366049021688861 4.891109767832054 -4.80217418190679 1.0
-5.406909723328077 17.396587698934965 -8.944650565325984 -1.0
1.508875353735827 18.72028052569364 13.948031158456624 -1.0
5.848687508163829 17.100442498753615 3.516718458580846 1.0
-6.975519417820078 20.187299789365333 -7.5059139190665425 -1.0
12.580962632426559 13.940794355189201 0.20451054486378428 -1.0
11.290401599743097 0.965094258427331 -4.5733837493034395 -1.0
0.3023129479461202 18.386625430192066 7.809440475642987 1.0
-1.8021657510005102 19.801953656327182 7.875375001894656 1.0
5.052225586454167 20.351222054841944 12.800263899989726 -1.0
5.856464570994099 15.735327779438661 3.498031336936504 1.0
6.115314635394848 19.58746434266863 2.7521583662616154 1.0
6.118551869078531 1.8566431642766554 -0.7388887425401983 1.0
-9.379076347789168 17.521282001636283 0.36297073139890407 1.0
4.505736245151898 15.358992246232226 5.583856875403529 1.0
-8.610471893770253 20.190362254536147 -4.985430706254211 -1.0
3.4254477990996204 2.4080086742938134 -4.173973372968091 1.0
-3.420313474074066 5.533098922636551 7.540356532075952 1.0
-8.455742963859807 4.145981167541053 3.2478751388975966 1.0
10.478608778048885 3.057378829060085 -5.949814253937857 -1.0
5.583333299528798 5.660598447166579 -10.056422448327337 -1.0
5.655437176783675 1.7620077804420964 3.938016496801286 1.0
1.1334348590566425 4.110616094454439 -4.812030523913678 1.0
4.685102738104742 19.89790294187309 5.385239547893356 1.0
-5.679528846912592 20.364477344466252 6.427976803207799 1.0
0.3788965447812755 0.08182957779580657 -4.776543340636802 1.0
-8.829412225218391 3.870151728775159 2.4259862929736693 1.0
12.54055637042397 19.487288019229528 2.2808006107527454 -1.0
8.884836294014752 14.41650596185998 10.048499797510875 -1.0
5.6486148953855935 17.11067895068136 3.9516059977638682 1.0
1.1964465388072378 20.79165614096835 14.000890820991462 -1.0
0.2694378511397912 1.69449111692823 -4.761300289127673 1.0
-0.14223298186770778 12.043746686201775 7.870765670353214 1.0
11.117595824056874 18.196887097449807 -4.903587486504273 -1.0
4.516573016063812 5.17450817873972 -3.3792932822047805 1.0
-7.6014896287871005 12.46003862560493 4.592858758505842 1.0
-3.5813214281484753 20.493102313388672 7.487723952350961 1.0
12.559143454297066 4.07003431558948 -0.08698516660633528 -1.0
4.729489245030142 6.151666749319225 -10.397348462037376 -1.0
-1.6341605590727304 10.4248147515019 7.890753620790792 1.0
1.1378036256411175 13.728792634667808 -4.811889837370176 1.0
2.8158063367873467 12.738864721479663 -10.890455571598908 -1.0
-6.396537220052206 14.865359910780226 5.870708733351961 1.0
12.447963787223728 6.598218497629496 2.990490705364538 -1.0
-7.700120240200476 9.362923722560627 -6.585761164195489 -1.0
7.265648331058068 6.322886038054417 11.463717256929593 -1.0
11.757162105459491 9.182960704433258 5.567123136011464 -1.0
-8.336767100470775 1.0662672452522244 3.4705486114115325 1.0
0.7918879207383207 20.023739146056187 -4.810793168214365 1.0
3.230882338790069 3.756761763717484 -4.276100609514929 1.0
0.9253477612039248 1.6118070827417297 7.678491734873468 1.0
-6.638889409757511 19.67252569487184 -7.8680399156613 -1.0
-5.321139012337095 17.552322068602784 -9.007712065613418 -1.0
-9.476528389691422 20.424990786437473 -1.1150558957557457 -1.0
5.947585848293088 17.28667158479544 -1.2459297306278916 1.0
11.901981795608753 0.6951759965315188 5.169373433680799 -1.0
7.28821061103292 11.959438440331372 -9.114440447439824 -1.0
-3.0290442152369934 3.0978164274687336 7.653221184562449 1.0
12.510566090444062 12.181134705820167 -0.5482692768648666 -1.0
4.181069869446104 1.7533026991198584 -3.669366517734662 1.0
3.015510517811621 9.561032786903313 -4.377482604857471 1.0
-9.465717457880821 18.04229928261423 -0.5266225801460271 -1.0
7.931197298350081 6.837105071559812 10.936584154674211 -1.0
6.031369863136674 7.089494930496552 -1.0158603045308239 1.0
-7.994697609335642 19.280866911583683 -6.13866023780282 -1.0
2.8161984100754704 13.381266361276479 -4.460941422456827 1.0
6.305885701247757 3.4849637847996475 0.1552226395747476 1.0
3.2480568299482906 18.35658647550189 -4.267496992320387 1.0
10.261514188016543 2.0069042057294184 8.384642986926309 -1.0
-7.854602163354027 12.392576111959647 4.246713751996772 1.0
4.817232392245418 13.287743618239777 -3.0750644581705266 1.0
-0.14561692416876643 6.985751878119681 -10.981349253394468 -1.0
-9.444035852523811 3.3847826817668785 -0.20237958885431306 -1.0
-5.618590965009845 13.45626582764619 6.469958779407752 1.0
6.323134385482105 8.142539072196135 -9.693575024686316 -1.0
6.3260288934352245 17.147084983444717 0.32365317599204285 1.0
-3.863110163013141 4.815713959945614 7.3866591715946885 1.0
4.230534544128164 13.96744480676005 5.861599594012661 1.0
1.7860734677712904 12.087756409193247 7.404946694051286 1.0
6.351382787354567 1.6668120477150503 0.6388243007483024 1.0
-9.135561624959191 0.888762325459601 1.5154003939019767 1.0
-3.6333441365283528 17.997472438322863 -10.008222915861245 -1.0
2.807001380776303 3.098384877371519 -4.464559841654787 1.0
6.303392941043221 2.164631826101955 1.8455252587911863 1.0
3.585846511745484 2.2333237983378575 6.408906285497649 1.0
4.3053824512016226 6.158282694571147 -10.53785614058875 -1.0
0.4337240275774297 11.13245332686154 7.786264738581151 1.0
-6.646935534494259 18.192835937004393 5.645236752052785 1.0
3.9903044917570183 18.244458676001635 -10.630423994851364 -1.0
6.195771969823678 7.48656934178617 -0.44393673026408853 1.0
-7.44863256762524 2.0606766864597024 4.785958594844701 1.0
-3.668585708027429 9.202773010082824 -9.991471147994979 -1.0
8.71704967666961 19.897210892799663 10.217677935951265 -1.0
-1.7857867684127473 0.8734954153829754 7.87703134513557 1.0
12.32136831085195 6.527798698429908 -1.6588941276187992 -1.0
-2.658311125891216 16.42802515333074 -10.411586961589164 -1.0
5.043094550079733 16.705713111753138 -10.281358808798123 -1.0
7.3053969385491175 17.904193631303915 -9.102935079644219 -1.0
3.7422927052321793 11.42171230285074 13.349211061935911 -1.0
5.153554626204119 12.403199977900714 4.783381147631293 1.0
1.9975974775708631 2.921267422991354 -4.707403073310929 1.0
5.085942122858712 0.7291969103708361 4.8790373499104955 1.0
2.114543701707112 3.260451097451093 -4.681237973688459 1.0
4.062101714633479 15.895308946292124 -10.610201733252802 -1.0
12.57826110036399 7.744430953269917 0.16282639381424263 -1.0
7.861813279660935 5.939059630950976 10.994784458433871 -1.0
-8.805059194769346 5.077773135043723 2.4868653390251607 1.0
-9.476604509181774 18.298390273167506 -1.1089090633486698 -1.0
4.42623799200773 7.7089820901150325 5.667254223746488 1.0
4.531725983664063 18.648751362468307 -3.365038530837563 1.0
11.600387874963948 19.947451844495465 -3.909139273408105 -1.0
5.905688348742917 18.327936952144544 -1.3511188693347043 1.0
11.889609007560324 7.812952814544788 -3.1725759369072657 -1.0
11.788922425904357 13.562993300332161 5.483267093718598 -1.0
-9.424022858299011 9.086501352257978 0.007090963401881293 1.0
9.637071841164321 15.342608812813683 9.20811424003909 -1.0
-5.831997777419897 14.677839955638976 6.319455915112913 1.0
6.2705752777525285 9.035636290065968 2.0618709202923586 1.0
-2.327549611377119 8.481307551793684 -10.523579367887905 -1.0
-4.97629916264157 12.623227204386058 6.8676271301819165 1.0
-4.9810016065459255 13.626595617114932 -9.244928267800569 -1.0
-7.336426898866577 2.395669864712585 4.920929247246508 1.0
-6.584068681982795 14.812372952356327 -7.923799768135216 -1.0
6.044376113915717 7.554310456497573 12.271684189632936 -1.0
-8.707294258189728 8.881454083895573 -4.764148723218816 -1.0
10.422868405228021 6.584385484084208 8.148245883653306 -1.0
5.8070382883894345 11.934427052922668 -1.5785463028983822 1.0
0.06877273133372341 0.7048654076094476 -4.726438282481086 1.0
-5.0959042448723295 20.51364146175221 -9.16703047134195 -1.0
-9.069197238081275 20.382373436665333 -3.7602164579047486 -1.0
10.611097236545675 5.9277256350220835 -5.751634415541749 -1.0
12.377330958975925 13.814235783902333 -1.386866897990217 -1.0
5.8234233005682485 16.318805837055425 12.398576729622844 -1.0
-5.328853676935416 19.855395154563958 -9.002095112361257 -1.0
2.952029628903061 14.030268601449563 6.83619674818279 1.0
12.4812300142588 9.460923904570134 -0.7685632937454451 -1.0
-3.2324942535587895 17.6453127000312 7.597163149224941 1.0
-5.391020959525668 17.27293179593236 -8.956434742485124 -1.0
-4.492566214387071 19.533833014721324 -9.552226120874927 -1.0
-7.558547834062741 14.743214315038376 4.648234295493731 1.0
6.286575019518743 16.813134421880452 1.9624832409172113 1.0
-7.683981491120899 20.137846711074708 4.483869840911807 1.0
8.743232209501944 8.103561308093274 10.191672396675635 -1.0
0.4959322396613732 15.38271215851129 -11.029364639906854 -1.0
3.808778247762425 2.6990185927954773 -3.9410108419793626 1.0
-7.830344025661926 4.312016870594237 -6.394468246464463 -1.0
5.308320473559564 18.546826889660878 -2.4575584868831295 1.0
0.004833314392376633 14.612294783136539 14.136824219578667 -1.0
0.3483966631829681 14.928964517694878 14.108176182109105 -1.0
2.941707082826889 7.765613909444082 -10.868837679825877 -1.0
-3.0713220041424 12.143758090716345 7.642035813318537 1.0
-5.091506405793019 1.7599874243573805 6.802039235215618 1.0
8.713323163929049 12.477834758704233 10.221367627954036 -1.0
5.198586830173954 3.716438619488693 4.717722850613496 1.0
-0.2743805678879159 8.838211791102333 -10.967129304994724 -1.0
-9.103319415858222 5.037355389086177 1.6282362021696783 1.0
1.6305647523349358 2.6780955863575997 -4.770769554910392 1.0
4.980326849864375 18.807641722183032 -2.8889052462021794 1.0
10.966539041164818 19.111605946671574 7.2584466377717325 -1.0
11.158682307745595 13.206463624949592 6.901058980168351 -1.0
9.563971530677277 3.308775358192592 9.296313131365949 -1.0
1.8413235618822998 15.342380418230036 7.38344484293429 1.0
2.4316641115483826 20.771024889130565 7.121204041549047 1.0
-0.7628978738065484 16.374702946500598 -10.899023752991734 -1.0
-6.442937161922184 20.570228991022507 -8.06352747443779 -1.0
2.0535181072445847 16.903913843689182 13.838313486329913 -1.0
-4.865463813070122 8.814383502876366 -9.321040990950989 -1.0
6.131459516490486 9.766135961902293 -0.693516930942554 1.0
12.546867944712774 15.884295629243939 -0.22042776831307506 -1.0
12.229248740238289 17.01315355476784 -2.0516490021828218 -1.0
4.2557495447734786 2.9682040326018493 -3.608804427597994 1.0
11.394404525027937 1.704392498045681 6.422132629032444 -1.0
0.7511027570523701 7.508567912144057 -4.809020923697994 1.0
12.32395749454695 20.34463210844617 3.655731512829232 -1.0
10.754414425786218 14.526288138480243 7.624747845052407 -1.0
12.563262457275075 0.4752819949990461 2.0343423581739835 -1.0
-1.4089381843307975 4.469259712116812 -10.773801746173616 -1.0
0.33691343556107406 15.25118078408985 7.8035645151464195 1.0
-8.965019353101916 14.137581389083389 -4.086508886990041 -1.0
5.444075962104825 0.806323724031249 4.328085570390536 1.0
12.089047304232455 7.532433188506433 4.583439829917963 -1.0
6.349378462897805 15.77396634868372 0.6042429872080114 1.0
-2.8257485615525386 18.179104568780662 7.703647933396678 1.0
9.117296786069966 20.038546561871392 -7.6028132952411855 -1.0
1.923036432294867 18.47085992158756 7.350722441404122 1.0
-4.822222270936169 18.18521237847625 -9.348968126855361 -1.0
5.962307934875152 14.953199557732457 3.2261260284998925 1.0
12.063325986733906 13.93919171857303 4.670042557264897 -1.0
-1.9070243577414223 8.080693986052463 -10.648963734469298 -1.0
-8.875089341396624 3.765386784825248 2.308216746280339 1.0
5.56502551564751 15.635173245137794 4.112309432820686 1.0
12.570841206066229 16.10750299725398 0.057874210581496104 -1.0
4.5167624779758055 3.2874965119500197 -3.3791157095314777 1.0
6.2151703841027715 0.048340844947346695 2.350315386549557 1.0
5.548094122363126 10.955441946929112 4.143638630766184 1.0
-6.313011652264289 15.929993647904062 -8.187509355963426 -1.0
-3.746814272674564 9.264547013454301 -9.95371460511834 -1.0
2.2746663140167604 18.659723403598157 13.787275989718719 -1.0
6.3477899864020735 11.115621711192686 0.5789228942451883 1.0
11.651536747871628 18.58482228018332 -3.7885561827289336 -1.0
6.14008955817039 9.506208962786523 -0.6624123986428547 1.0
-2.0914245520344292 14.362169971057265 7.840511356035006 1.0
5.634543139103479 1.2851920795623415 12.502766499544752 -1.0
5.590984062166584 15.551282173453549 -2.0034565290784614 1.0
3.9310847381745306 14.124531658475236 6.132037239602924 1.0
12.018210146171194 0.21831180457802835 -2.7914964849607253 -1.0
4.393415824041531 14.137659912156407 13.096200503641166 -1.0
4.271398515422109 16.588420717872612 -3.595836354562162 1.0
-7.214099934849889 17.446266998284983 -7.226476376164026 -1.0
-5.3621865989341 20.882022706713265 6.638266753283652 1.0
10.718732849335295 11.908165166446835 7.683784506650288 -1.0
3.9500837598291962 18.0927937438603 -3.8435614881646387 1.0
6.359956574285731 1.9145950330378372 0.8727424855102816 1.0
2.385121610354442 3.54717673472516 -4.609366013564833 1.0
2.2469307685511035 6.942753252255444 7.209861713410959 1.0
6.345703893859009 20.04929960752678 1.429982497222761 1.0
0.3883447188653792 2.177664376794595 -4.777736077482541 1.0
5.5163338486527005 10.44189555231057 -2.1327399229204618 1.0
5.049308157105976 20.77084003316851 -2.8049918725618994 1.0
6.555548398586595 12.926207506268796 -9.565609441549052 -1.0
5.395349565029498 11.695776258387397 4.410151466313656 1.0
10.570636681815344 4.986046837164656 7.921628108579252 -1.0
0.35455696400431624 9.835893877541519 7.800506131337732 1.0
12.00850791885945 9.845803241426866 4.8476251557350105 -1.0
5.490456457788756 11.825681148887684 4.24747869214412 1.0
