
# Samples and dimension 
param m_train := 70;
param n_train := 3;


# Points
param A_train : 1 2 3 :=
1 6.339445414311871 16.10944919596892 1.5126664471416233
2 -4.311822545266805 14.87042260152968 -9.656710203003014
3 -7.358947072880482 16.73421085822913 4.894276796270897
4 10.896852280131904 11.712977396976438 -5.29272316087866
5 10.569989587718863 20.28256717183468 -5.8140397052993755
6 3.9444550544654313 3.090294897752941 6.120597760403913
7 3.737176256548615 0.6225870112437272 6.291795010246244
8 11.734408842590888 12.471763345120207 -3.5851109389879428
9 5.282283719887066 2.395379673595912 12.686907546620283
10 11.936657272046125 19.967006851766566 5.067701158690616
11 -1.8490863432277436 6.839855702932292 7.87044197676377
12 -9.433741874501154 4.065992493229321 -0.0884801226290378
13 1.7583055972452364 9.614044626845978 -11.014413176176255
14 4.804804063486647 19.32845399295484 -10.370444751225305
15 -2.7965313104494807 18.46045239180819 7.710441395645913
16 -8.383625560602113 5.304930855977135 -5.4539520859695365
17 -9.449845093933869 7.308184650256269 -0.2746723147525883
18 0.6265780882545442 3.8343633631864837 -4.801442596152408
19 10.09783677652447 18.937717078790833 -6.476133612745746
20 11.649127250226362 14.837091426607746 5.840123492814079
21 -2.3884546438746814 15.259827692804956 7.793582457485255
22 -4.884323465741089 18.901844573003864 -9.308766019446283
23 3.5366468150853887 16.36243981615581 -4.110879200399443
24 -2.688186484649128 12.58225039269014 7.734646024341181
25 7.959118840351986 6.113630142855372 10.912937842743222
26 -1.5581954064098669 3.1793005525560742 -10.739027793268066
27 -4.788204056060037 7.038667842138133 6.9696441810115015
28 11.088515265393506 13.808587320314208 -4.956816987316376
29 1.1921653054702874 1.5401934162849815 7.605631465996889
30 -8.063448608634747 1.1551343035306967 -6.026365732323334
31 12.176400193642422 6.787091092344705 4.270984740990664
32 -7.274385869293902 12.40011789372271 4.993259335809674
33 11.74616178023675 17.931869909638475 -3.5553862394913938
34 5.9265957407554035 6.028310925000189 -1.2993509019455878
35 3.9378540101443846 3.634411763110635 -10.64487482780156
36 3.9710300427000758 2.814445325975699 -10.635765927762042
37 5.973269046311961 20.887730401530185 3.195827113783326
38 8.734210299779061 3.7694552588572288 10.200649508917866
39 -7.59164508812339 6.6684832835711125 4.605634229026165
40 10.019764354841278 11.934119497841252 8.719453113861519
41 2.8190494297150446 0.19632006450513473 -4.459815626100366
42 6.360526833480852 18.91362104425693 1.0661019264061622
43 2.226715663696361 20.522070049374328 -4.653379777259039
44 0.8563899120925814 11.694788261873532 -11.039825572591017
45 -6.478807824397293 1.780250711277993 -8.028523644525013
46 -9.262728987610783 6.993051780311101 -3.007406949243582
47 2.033268014321126 15.297002203763112 -4.69973172393238
48 -8.373296560746901 2.9911428401781617 -5.473878051549865
49 0.27003567317536353 11.601847729448455 7.814776799576249
50 -9.449044589634187 5.733908453357397 -0.26428063988884204
51 5.01548917529097 20.464397899832456 -2.8465398560490622
52 -5.547548867638031 14.023525029045791 -8.838273082959686
53 -8.16761555549332 5.368719015116932 -5.84961799029878
54 0.30427161385996254 2.2745413778373047 -4.7664368522067
55 -4.712592941266632 16.299795186651526 -9.418434511112354
56 9.80510502287829 16.432037844604242 8.99932905270103
57 11.186286317252925 15.993682200457375 -4.775271481112224
58 1.0485190924583565 19.2024653786558 14.023392636540786
59 5.205339887048235 13.831078420790876 12.725415988410434
60 11.262615823392576 11.93571921303158 -4.628177922269102
61 3.2401800036609707 4.236869541512545 6.653819215080466
62 -4.06493245671017 14.664223886586985 -9.791866019039162
63 -9.022542892670469 19.996103606125025 1.8897315360971891
64 6.313064486195352 18.68922902998211 1.7703140244764883
65 -3.7041123993314287 20.864914620126648 7.445100469405906
66 2.5380834604453955 17.192773714282435 -4.5615740084940954
67 -8.05379750301977 11.447565489774117 3.9472333528451355
68 2.357576997165212 9.476335154246065 13.7671609349687
69 5.410199412867626 18.701700946506005 -2.304403261998068
70 5.267360278453902 20.438560613492047 -2.5162754746151204
;

# Labels
param y_train :=
1 1.0
2 -1.0
3 1.0
4 -1.0
5 -1.0
6 1.0
7 1.0
8 -1.0
9 -1.0
10 -1.0
11 1.0
12 1.0
13 -1.0
14 -1.0
15 1.0
16 -1.0
17 1.0
18 1.0
19 -1.0
20 -1.0
21 1.0
22 -1.0
23 1.0
24 1.0
25 -1.0
26 -1.0
27 1.0
28 -1.0
29 1.0
30 -1.0
31 -1.0
32 1.0
33 -1.0
34 1.0
35 -1.0
36 -1.0
37 1.0
38 -1.0
39 1.0
40 -1.0
41 1.0
42 1.0
43 1.0
44 -1.0
45 -1.0
46 -1.0
47 1.0
48 -1.0
49 1.0
50 1.0
51 1.0
52 -1.0
53 -1.0
54 1.0
55 -1.0
56 -1.0
57 -1.0
58 -1.0
59 -1.0
60 -1.0
61 1.0
62 -1.0
63 1.0
64 1.0
65 1.0
66 1.0
67 1.0
68 -1.0
69 1.0
70 1.0
;
