0.201 0.165 0.228 0.348   -1.0
0.879 0.599 0.772 0.091   1.0
0.580 0.341 0.200 0.495   -1.0
0.706 0.437 0.741 0.559   1.0
0.914 0.768 0.215 0.121   1.0
0.241 0.440 0.613 0.112   -1.0
0.317 0.313 0.233 0.545   -1.0
0.301 0.424 0.259 0.073   -1.0
0.033 0.653 0.855 0.233   -1.0
0.948 0.940 0.586 0.690   1.0
0.103 0.604 0.267 0.318   -1.0
0.143 0.559 0.165 0.755   -1.0
0.232 0.073 0.983 0.465   -1.0
0.644 0.766 0.041 0.903   1.0
0.556 0.936 0.493 0.410   1.0
0.641 0.359 0.109 0.227   -1.0
0.608 0.329 0.653 0.874   1.0
0.378 0.017 0.206 0.543   -1.0
0.877 0.775 0.845 0.860   1.0
0.463 0.504 0.006 0.504   -1.0
0.846 0.060 0.343 0.339   -1.0
0.513 0.980 0.829 0.622   1.0
0.878 0.229 0.535 0.532   1.0
0.183 0.910 0.121 0.389   -1.0
0.893 0.266 0.228 0.738   1.0
0.468 0.201 0.630 0.475   -1.0
0.037 0.321 0.765 0.381   -1.0
0.236 0.894 0.639 0.065   -1.0
0.845 0.943 0.745 0.381   1.0
0.848 0.563 0.385 0.969   -1.0*
0.838 0.862 0.218 0.066   -1.0
0.344 0.534 0.802 0.974   1.0
0.507 0.011 0.330 0.273   -1.0
0.990 0.508 0.286 0.629   1.0
0.801 0.474 0.517 0.546   1.0
0.991 0.394 0.418 0.376   1.0
0.370 0.213 0.225 0.588   -1.0
0.826 0.932 0.813 0.628   1.0
0.823 0.135 0.917 0.153   1.0
0.309 0.142 0.917 0.595   -1.0
0.490 0.396 0.245 0.007   -1.0
0.100 0.998 0.335 0.518   -1.0
0.699 0.888 0.587 0.924   1.0
0.867 0.750 0.408 0.680   1.0
0.314 0.503 0.514 0.231   -1.0
0.922 0.540 0.798 0.839   1.0
0.569 0.329 0.530 0.814   1.0
0.472 0.914 0.334 0.807   1.0
0.708 0.506 0.320 0.296   -1.0
0.796 0.162 0.180 0.204   -1.0
0.559 0.518 0.345 0.073   -1.0
0.001 0.995 0.289 0.798   1.0
0.424 0.367 0.163 0.954   -1.0
0.499 0.426 0.094 0.834   -1.0
0.526 0.542 0.739 0.845   1.0
0.169 0.642 0.000 0.349   -1.0
0.843 0.908 0.364 0.188   -1.0*
0.114 0.188 0.976 0.403   1.0*
0.810 0.827 0.353 0.973   1.0
0.533 0.472 0.208 0.627   -1.0
0.441 0.153 0.848 0.179   1.0*
0.685 0.348 0.640 0.685   1.0
0.486 0.528 0.606 0.851   1.0
0.587 0.964 0.904 0.563   1.0
0.890 0.373 0.195 0.243   -1.0
0.976 0.776 0.818 0.184   1.0
0.124 0.624 0.556 0.971   1.0
0.554 0.656 0.152 0.194   -1.0
0.850 0.681 0.869 0.456   1.0
0.585 0.043 0.496 0.488   -1.0
0.863 0.378 0.979 0.058   1.0
0.325 0.034 0.397 0.143   -1.0
0.801 0.266 0.842 0.357   1.0
0.646 0.911 0.893 0.798   1.0
0.235 0.649 0.786 0.104   -1.0
0.317 0.689 0.148 0.813   -1.0
0.755 0.676 0.555 0.734   1.0
0.176 0.058 0.768 0.573   -1.0
0.986 0.374 0.467 0.829   1.0
0.704 0.475 0.642 0.598   1.0
0.747 0.833 0.922 0.534   1.0
0.027 0.851 0.626 0.175   -1.0
0.803 0.930 0.340 0.358   1.0
0.074 0.534 0.722 0.843   1.0
0.923 0.829 0.481 0.390   1.0
0.212 0.094 0.132 0.854   -1.0
0.406 0.601 0.525 0.327   -1.0
0.462 0.354 0.986 0.087   -1.0
0.650 0.890 0.459 0.990   1.0
0.123 0.064 0.781 0.844   -1.0
0.888 0.767 0.736 0.369   1.0
0.393 0.581 0.252 0.525   -1.0
0.944 0.931 0.035 0.469   1.0
0.170 0.930 0.612 0.155   -1.0
0.142 0.805 0.907 0.601   1.0
0.154 0.723 0.858 0.935   1.0
0.765 0.823 0.335 0.501   1.0
0.493 0.894 0.773 0.744   1.0
0.207 0.688 0.350 0.242   -1.0
0.608 0.412 0.087 0.220   -1.0
0.104 0.362 0.371 0.011   1.0*
0.166 0.165 0.686 0.024   -1.0
0.254 0.789 0.924 0.589   1.0
0.116 0.082 0.183 0.889   -1.0
0.602 0.096 0.514 0.952   1.0
0.671 0.560 0.750 0.757   1.0
0.317 0.861 0.142 0.688   1.0
0.105 0.854 0.038 0.791   -1.0
0.139 0.046 0.668 0.063   -1.0
0.957 0.179 0.717 0.141   -1.0
0.543 0.743 0.165 0.057   -1.0
0.503 0.727 0.255 0.253   -1.0
0.035 0.569 0.346 0.178   -1.0
0.219 0.283 0.112 0.257   -1.0
0.990 0.395 0.120 0.658   1.0
0.755 0.615 0.637 0.472   1.0
0.705 0.014 0.499 0.870   1.0
0.194 0.372 0.799 0.450   -1.0
0.283 0.485 0.195 0.629   -1.0
0.452 0.848 0.946 0.564   1.0
0.020 0.554 0.500 0.140   -1.0
0.958 0.895 0.828 0.594   1.0
0.584 0.299 0.381 0.083   -1.0
0.452 0.278 0.541 0.251   -1.0
0.166 0.534 0.212 0.361   -1.0
0.875 0.813 0.012 0.821   1.0
0.117 0.841 0.932 0.616   -1.0*
0.144 0.574 0.876 0.972   1.0
0.243 0.555 0.467 0.624   -1.0
0.636 0.076 0.916 0.177   -1.0
0.643 0.344 0.861 0.855   1.0
0.025 0.730 0.518 0.037   -1.0
0.896 0.153 0.391 0.827   1.0
0.372 0.972 0.344 0.248   -1.0
0.512 0.490 0.499 0.979   1.0
0.137 0.616 0.190 0.053   -1.0
0.517 0.696 0.137 0.378   -1.0
0.842 0.403 0.281 0.360   -1.0
0.832 0.255 0.593 0.223   -1.0
0.362 0.595 0.054 0.706   -1.0
0.998 0.218 0.333 0.496   1.0
0.447 0.633 0.813 0.637   1.0
0.606 0.154 0.382 0.743   -1.0
0.934 0.585 0.935 0.215   1.0
0.374 0.047 0.200 0.967   -1.0
0.282 0.329 0.865 0.337   -1.0
0.708 0.334 0.253 0.041   -1.0
0.451 0.488 0.463 0.264   -1.0
0.150 0.870 0.280 0.532   -1.0
0.812 0.466 0.198 0.747   1.0
0.142 0.121 0.728 0.341   -1.0
0.998 0.624 0.418 0.863   -1.0*
0.453 0.572 0.294 0.706   1.0
0.125 0.157 0.101 0.588   -1.0
0.227 0.738 0.291 0.507   -1.0
0.903 0.319 0.736 0.101   1.0
0.416 0.243 0.186 0.144   -1.0
0.275 0.142 0.208 0.692   -1.0
0.168 0.145 0.578 0.463   -1.0
0.190 0.587 0.008 0.292   -1.0
0.429 0.519 0.913 0.720   1.0
0.183 0.623 0.344 0.919   1.0
0.409 0.335 0.967 0.596   1.0
0.551 0.870 0.622 0.759   1.0
0.628 0.927 0.708 0.205   1.0
0.559 0.396 0.978 0.568   1.0
0.153 0.997 0.206 0.066   -1.0
0.232 0.249 0.340 0.576   -1.0
0.064 0.985 0.503 0.031   -1.0
0.982 0.582 0.452 0.604   1.0
0.014 0.232 0.269 0.722   -1.0
0.659 0.281 0.832 0.636   1.0
0.520 0.789 0.846 0.726   1.0
0.562 0.958 0.105 0.902   1.0
0.273 0.966 0.520 0.776   -1.0*
0.101 0.758 0.579 0.553   -1.0
0.920 0.567 0.594 0.188   1.0
0.030 0.847 0.570 0.863   1.0
0.419 0.383 0.273 0.265   -1.0
0.128 0.827 0.067 0.234   -1.0
0.602 0.507 0.696 0.121   -1.0
0.692 0.222 0.041 0.271   -1.0
0.403 0.191 0.342 0.996   -1.0
0.630 0.027 0.226 0.200   -1.0
0.709 0.619 0.272 0.982   1.0
0.382 0.110 0.711 0.449   -1.0
0.441 0.051 0.851 0.136   -1.0
0.133 0.829 0.394 0.174   -1.0
0.169 0.577 0.291 0.510   -1.0
0.669 0.141 0.600 0.895   1.0
0.489 0.605 0.961 0.762   1.0
0.845 0.144 0.697 0.556   1.0
0.041 0.997 0.643 0.891   1.0
0.815 0.025 0.963 0.209   1.0
0.063 0.378 0.775 0.353   -1.0
0.348 0.023 0.029 0.948   -1.0
0.370 0.437 0.522 0.331   -1.0
0.109 0.176 0.343 0.806   -1.0
0.935 0.847 0.729 0.578   1.0
0.863 0.393 0.763 0.826   1.0
0.961 0.888 0.980 0.736   1.0
0.868 0.084 0.264 0.897   1.0
0.182 0.267 0.469 0.704   -1.0
0.668 0.813 0.773 0.010   1.0
0.505 0.945 0.466 0.235   1.0
0.204 0.098 0.917 0.967   1.0
0.519 0.928 0.812 0.500   1.0
0.054 0.368 0.748 0.318   -1.0
0.780 0.500 0.532 0.249   1.0
0.130 0.916 0.017 0.903   -1.0
0.637 0.409 0.872 0.103   1.0
0.396 0.307 0.742 0.313   -1.0
0.665 0.832 0.202 0.478   1.0
0.866 0.531 0.699 0.614   1.0
0.964 0.394 0.348 0.496   1.0
0.552 0.626 0.559 0.570   1.0
0.486 0.206 0.939 0.358   -1.0
0.582 0.754 0.616 0.324   1.0
0.889 0.989 0.899 0.091   1.0
0.231 0.957 0.998 0.930   1.0
0.847 0.894 0.965 0.196   1.0
0.608 0.748 0.017 0.167   -1.0
0.547 0.653 0.524 0.486   1.0
0.832 0.068 0.765 0.448   1.0
0.832 0.337 0.382 0.731   1.0
0.849 0.961 0.386 0.847   1.0
0.957 0.694 0.786 0.923   1.0
0.177 0.531 0.638 0.194   -1.0
0.955 0.741 0.351 0.479   1.0
0.362 0.311 0.295 0.127   -1.0
0.687 0.959 0.097 0.068   -1.0
0.525 0.917 0.651 0.911   1.0
0.542 0.868 0.458 0.328   1.0
0.348 0.504 0.321 0.986   1.0
0.019 0.941 0.439 0.370   -1.0
0.666 0.732 0.731 0.961   1.0
0.490 0.648 0.818 0.587   1.0
0.508 0.112 0.633 0.159   -1.0
0.397 0.701 0.891 0.856   1.0
0.681 0.204 0.533 0.002   -1.0
0.231 0.022 0.131 0.670   -1.0
0.551 0.336 0.124 0.282   -1.0
0.984 0.772 0.945 0.802   1.0
0.661 0.310 0.471 0.294   -1.0
0.494 0.692 0.169 0.384   -1.0
0.198 0.066 0.752 0.730   -1.0
0.942 0.961 0.090 0.073   1.0
0.481 0.624 0.967 0.605   1.0
0.264 0.589 0.677 0.209   -1.0
0.036 0.869 0.701 0.507   1.0
0.170 0.000 0.855 0.339   -1.0
0.403 0.536 0.450 0.154   -1.0
0.518 0.096 0.228 0.608   -1.0
0.859 0.089 0.792 0.826   1.0
0.697 0.089 0.284 0.375   -1.0
0.675 0.410 0.167 0.376   -1.0
0.331 0.546 0.917 0.186   -1.0
0.302 0.588 0.421 0.752   1.0
0.688 0.270 0.838 0.915   1.0
0.007 0.774 0.966 0.799   1.0
0.661 0.496 0.689 0.944   1.0
0.987 0.619 0.281 0.154   -1.0*
0.198 0.485 0.540 0.115   -1.0
0.425 0.417 0.259 0.846   -1.0
0.002 0.533 0.438 0.840   -1.0
0.316 0.847 0.222 0.282   -1.0
0.821 0.942 0.142 0.510   1.0
0.012 0.497 0.506 0.293   -1.0
0.500 0.491 0.136 0.041   -1.0
0.807 0.466 0.024 0.066   -1.0
0.193 0.068 0.845 0.631   -1.0
0.293 0.947 0.754 0.516   1.0
0.400 0.337 0.171 0.542   -1.0
0.058 0.554 0.344 0.563   -1.0
0.995 0.064 0.339 0.131   -1.0
0.945 0.937 0.570 0.969   1.0
0.882 0.162 0.071 0.727   -1.0
0.978 0.020 0.740 0.733   1.0
0.969 0.133 0.873 0.140   1.0
0.720 0.197 0.228 0.064   -1.0
0.075 0.059 0.824 0.414   -1.0
0.929 0.359 0.127 0.499   -1.0
0.130 0.381 0.491 0.201   -1.0
0.284 0.179 0.127 0.024   -1.0
0.663 0.993 0.044 0.535   1.0
0.718 0.255 0.329 0.947   1.0
0.090 0.022 0.377 0.915   -1.0
0.567 0.843 0.795 0.693   1.0
0.124 0.823 0.724 0.614   1.0
0.831 0.898 0.203 0.958   1.0
0.115 0.621 0.915 0.159   -1.0
0.047 0.877 0.412 0.377   -1.0
0.730 0.467 0.846 0.108   1.0
0.281 0.675 0.225 0.076   -1.0
0.567 0.200 0.191 0.291   -1.0
0.215 0.122 0.712 0.418   -1.0
0.635 0.533 0.701 0.550   1.0
0.857 0.597 0.569 0.269   -1.0*
0.393 0.999 0.440 0.239   1.0
0.822 0.520 0.782 0.047   1.0
0.150 0.614 0.796 0.341   -1.0
0.610 0.556 0.027 0.322   1.0*
0.107 0.957 0.507 0.808   1.0
0.199 0.665 0.104 0.768   -1.0
0.078 0.161 0.933 0.518   -1.0
0.040 0.340 0.920 0.822   1.0
0.516 0.972 0.001 0.311   -1.0
0.906 0.921 0.869 0.932   1.0
0.844 0.039 0.201 0.351   -1.0
0.708 0.551 0.511 0.812   1.0
0.445 0.890 0.480 0.378   1.0
0.879 0.418 0.749 0.799   1.0
0.136 0.315 0.212 0.136   -1.0
0.525 0.042 0.547 0.394   1.0*
0.791 0.238 0.013 0.991   1.0
0.860 0.699 0.140 0.371   1.0
0.459 0.816 0.402 0.938   1.0
0.810 0.818 0.613 0.559   1.0
0.853 0.695 0.931 0.065   1.0
0.557 0.590 0.873 0.105   -1.0*
0.847 0.895 0.222 0.860   1.0
0.811 0.720 0.586 0.951   1.0
0.097 0.409 0.907 0.499   -1.0
0.102 0.309 0.166 0.715   -1.0
0.782 0.568 0.563 0.714   1.0
0.394 0.271 0.224 0.267   -1.0
0.208 0.114 0.271 0.429   1.0*
0.158 0.240 0.693 0.744   -1.0
0.784 0.841 0.601 0.691   1.0
0.949 0.792 0.649 0.114   1.0
0.517 0.896 0.075 0.080   -1.0
0.709 0.474 0.882 0.932   1.0
0.258 0.140 0.854 0.529   -1.0
0.827 0.687 0.810 0.521   1.0
0.001 0.304 0.272 0.602   1.0*
0.612 0.550 0.787 0.261   1.0
0.294 0.779 0.561 0.370   1.0
0.171 0.078 0.333 0.053   -1.0
0.073 0.311 0.150 0.927   -1.0
0.720 0.754 0.527 0.529   1.0
0.957 0.530 0.579 0.230   1.0
0.574 0.842 0.682 0.362   1.0
0.347 0.656 0.882 0.908   1.0
0.741 0.079 0.104 0.074   -1.0
0.115 0.146 0.443 0.265   -1.0
0.282 0.985 0.827 0.809   1.0
0.102 0.766 0.045 0.681   1.0*
0.177 0.255 0.838 0.859   1.0
0.941 0.206 0.273 0.823   1.0
0.299 0.564 0.193 0.403   -1.0
0.325 0.518 0.784 0.768   1.0
0.857 0.050 0.768 0.684   1.0
0.282 0.786 0.625 0.327   1.0
0.621 0.504 0.723 0.459   1.0
0.339 0.400 0.569 0.612   -1.0
0.683 0.911 0.787 0.876   1.0
0.424 0.201 0.832 0.208   1.0*
0.615 0.065 0.019 0.383   -1.0
0.878 0.665 0.536 0.503   -1.0*
0.004 0.125 0.495 0.726   -1.0
0.858 0.066 0.984 0.427   1.0
0.207 0.110 0.589 0.994   1.0*
0.903 0.418 0.188 0.735   1.0
0.156 0.349 0.691 0.175   -1.0
0.441 0.053 0.397 0.977   -1.0
0.389 0.981 0.681 0.884   1.0
0.265 0.742 0.773 0.248   1.0
0.451 0.455 0.280 0.040   -1.0
0.267 0.943 0.867 0.454   1.0
0.493 0.611 0.026 0.184   -1.0
0.758 0.626 0.839 0.155   1.0
0.396 0.543 0.583 0.077   -1.0
0.290 0.341 0.170 0.063   -1.0
0.339 0.513 0.045 0.620   -1.0
0.493 0.886 0.496 0.360   1.0
0.173 0.853 0.952 0.199   1.0
0.738 0.957 0.663 0.577   1.0
0.266 0.973 0.655 0.849   1.0
0.083 0.140 0.391 0.252   -1.0
0.980 0.592 0.716 0.025   1.0
0.269 0.518 0.098 0.764   -1.0
0.439 0.937 0.732 0.391   1.0
0.769 0.129 0.093 0.432   -1.0
0.205 0.698 0.679 0.860   1.0
0.729 0.943 0.687 0.120   1.0
0.889 0.100 0.787 0.605   1.0
0.998 0.874 0.643 0.096   1.0
0.522 0.535 0.575 0.253   -1.0
0.711 0.022 0.054 0.804   -1.0
0.760 0.009 0.153 0.439   -1.0
0.700 0.168 0.812 0.387   1.0
0.007 0.277 0.387 0.793   -1.0
0.512 0.791 0.756 0.155   1.0
0.394 0.677 0.422 0.969   1.0
0.348 0.681 0.953 0.402   1.0
0.408 0.162 0.494 0.560   -1.0
0.363 0.261 0.768 0.174   -1.0
0.055 0.181 0.925 0.442   1.0*
0.807 0.954 0.765 0.563   1.0
0.652 0.957 0.787 0.074   1.0
0.718 0.422 0.607 0.671   1.0
0.092 0.078 0.986 0.585   -1.0
0.586 0.948 0.900 0.355   1.0
0.548 0.410 0.303 0.473   -1.0
0.277 0.279 0.807 0.042   -1.0
0.916 0.694 0.799 0.704   1.0
0.726 0.421 0.191 0.333   -1.0
0.015 0.424 0.171 0.000   -1.0
0.810 0.587 0.957 0.709   1.0
0.080 0.257 0.352 0.383   -1.0
0.204 0.660 0.009 0.011   -1.0
0.851 0.927 0.396 0.650   1.0
0.165 0.376 0.052 0.356   -1.0
0.144 0.371 0.133 0.315   -1.0
0.142 0.125 0.958 0.100   -1.0
0.900 0.179 0.091 0.251   -1.0
0.821 0.455 0.222 0.830   1.0
0.924 0.681 0.393 0.320   1.0
0.024 0.485 0.707 0.076   -1.0
0.416 0.220 0.211 0.548   -1.0
0.582 0.691 0.660 0.540   1.0
0.494 0.440 0.970 0.585   1.0
0.532 0.406 0.146 0.754   -1.0
0.612 0.677 0.916 0.005   -1.0*
0.247 0.029 0.482 0.954   -1.0
0.322 0.370 0.324 0.533   -1.0
0.859 0.115 0.609 0.519   1.0
0.399 0.013 0.095 0.369   -1.0
0.786 0.900 0.004 0.933   1.0
0.239 0.545 0.331 0.155   -1.0
0.328 0.402 0.579 0.809   1.0
0.683 0.132 0.727 0.007   -1.0
0.645 0.867 0.780 0.254   1.0
0.435 0.653 0.399 0.531   1.0
0.997 0.317 0.922 0.001   1.0
0.576 0.239 0.794 0.907   1.0
0.344 0.234 0.797 0.923   1.0
0.154 0.605 0.175 0.881   -1.0
0.840 0.526 0.480 0.620   1.0
0.866 0.056 0.432 0.265   -1.0
0.454 0.262 0.903 0.376   -1.0
0.153 0.951 0.502 0.947   1.0
0.896 0.291 0.092 0.693   -1.0
0.136 0.847 0.819 0.311   1.0
0.432 0.152 0.253 0.911   -1.0
0.032 0.777 0.828 0.465   1.0
0.415 0.919 0.304 0.318   -1.0
0.566 0.471 0.246 0.067   -1.0
0.103 0.964 0.709 0.195   -1.0
0.923 0.331 0.503 0.742   1.0
0.231 0.174 0.795 0.484   -1.0
0.567 0.516 0.862 0.395   -1.0*
0.904 0.810 0.900 0.208   1.0
0.194 0.773 0.599 0.439   1.0
0.017 0.543 0.804 0.727   1.0
0.461 0.650 0.070 0.965   1.0
0.712 0.196 0.565 0.507   -1.0
0.650 0.074 0.195 0.512   -1.0
0.176 0.417 0.279 0.076   -1.0
0.407 0.270 0.398 0.006   -1.0
0.238 0.023 0.252 0.043   -1.0
0.990 0.504 0.399 0.059   -1.0
0.791 0.772 0.664 0.356   1.0
0.344 0.006 0.353 0.539   -1.0
0.822 0.715 0.935 0.101   1.0
0.559 0.508 0.060 0.957   1.0
0.769 0.195 0.537 0.021   -1.0
0.287 0.011 0.742 0.686   -1.0
0.211 0.477 0.842 0.876   1.0
0.122 0.219 0.839 0.475   -1.0
0.358 0.297 0.473 0.293   -1.0
0.264 0.852 0.905 0.325   1.0
0.419 0.094 0.005 0.956   -1.0
0.243 0.243 0.126 0.986   -1.0
0.197 0.197 0.406 0.039   -1.0
0.239 0.161 0.292 0.078   -1.0
0.050 0.436 0.932 0.523   -1.0
0.329 0.787 0.582 0.235   -1.0
0.391 0.653 0.205 0.396   -1.0
0.321 0.639 0.852 0.447   1.0
0.781 0.643 0.821 0.187   1.0
0.894 0.426 0.843 0.185   1.0
0.478 0.235 0.941 0.410   1.0
0.670 0.739 0.545 0.252   -1.0*
0.656 0.643 0.627 0.862   1.0
0.237 0.182 0.678 0.088   -1.0
0.302 0.869 0.272 0.124   -1.0
0.955 0.017 0.482 0.798   1.0
0.987 0.276 0.437 0.928   1.0
0.195 0.598 0.426 0.740   -1.0
0.399 0.396 0.493 0.027   -1.0
0.532 0.263 0.439 0.210   -1.0
0.068 0.512 0.221 0.341   -1.0
0.277 0.295 0.653 0.760   -1.0
0.855 0.747 0.369 0.293   1.0
0.055 0.488 0.272 0.481   -1.0
0.122 0.880 0.623 0.615   1.0
0.880 0.147 0.170 0.320   -1.0
0.522 0.388 0.869 0.743   1.0
0.505 0.020 0.024 0.158   -1.0
0.117 0.013 0.527 0.486   -1.0
0.201 0.541 0.793 0.473   1.0
0.020 0.595 0.903 0.643   1.0
0.810 0.523 0.357 0.980   1.0
0.714 0.502 0.231 0.583   1.0
0.959 0.087 0.265 0.983   1.0
0.045 0.100 0.258 0.572   -1.0
0.563 0.773 0.127 0.356   -1.0
0.150 0.376 0.841 0.052   -1.0
0.052 0.862 0.542 0.409   -1.0
0.385 0.122 0.344 0.615   -1.0
0.589 0.574 0.792 0.854   1.0
0.037 0.899 0.657 0.294   -1.0
0.243 0.858 0.244 0.370   -1.0
0.490 0.519 0.590 0.332   -1.0
0.609 0.383 0.434 0.152   -1.0
0.275 0.536 0.914 0.619   1.0
0.619 0.208 0.726 0.411   -1.0
0.283 0.448 0.961 0.940   1.0
0.432 0.183 0.600 0.675   -1.0
0.814 0.166 0.072 0.404   -1.0
0.644 0.013 0.880 0.078   -1.0
0.672 0.353 0.701 0.586   -1.0*
0.853 0.205 0.180 0.579   -1.0
0.241 0.862 0.064 0.202   -1.0
0.806 0.633 0.986 0.405   1.0
0.539 0.219 0.474 0.611   -1.0
0.972 0.255 0.636 0.852   1.0
0.801 0.524 0.686 0.502   1.0
0.658 0.355 0.315 0.837   1.0
0.931 0.078 0.796 0.994   1.0
0.599 0.800 0.913 0.585   1.0
0.222 0.123 0.424 0.696   -1.0
0.047 0.668 0.989 0.683   1.0
0.322 0.483 0.043 0.008   1.0*
0.153 0.665 0.340 0.468   -1.0
0.274 0.398 0.581 0.070   -1.0
0.861 0.669 0.192 0.774   1.0
0.397 0.996 0.378 0.821   1.0
0.112 0.868 0.360 0.101   -1.0
0.879 0.424 0.035 0.923   1.0
0.020 0.076 0.096 0.360   -1.0
0.599 0.634 0.942 0.180   1.0
0.335 0.041 0.374 0.527   -1.0
0.628 0.924 0.811 0.006   1.0
0.503 0.118 0.614 0.862   1.0
0.165 0.742 0.643 0.200   -1.0
0.074 0.220 0.741 0.170   -1.0
0.285 0.769 0.214 0.227   -1.0
0.918 0.562 0.989 0.292   1.0
0.804 0.920 0.013 0.615   1.0
0.759 0.117 0.043 0.373   1.0*
0.262 0.538 0.722 0.905   1.0
0.386 0.979 0.958 0.127   1.0
0.537 0.411 0.918 0.751   1.0
0.867 0.669 0.200 0.857   -1.0*
0.289 0.661 0.881 0.303   1.0
0.807 0.062 0.393 0.850   1.0
0.373 0.112 0.973 0.094   -1.0
0.711 0.480 0.996 0.669   1.0
0.146 0.206 0.018 0.064   1.0*
0.656 0.931 0.626 0.856   1.0
0.587 0.146 0.449 0.468   -1.0
0.724 0.275 0.510 0.117   -1.0
0.945 0.489 0.237 0.919   1.0
0.254 0.630 0.064 0.251   -1.0
0.671 0.396 0.505 0.689   1.0
0.462 0.345 0.391 0.088   -1.0
0.179 0.675 0.347 0.628   -1.0
0.796 0.352 0.418 0.306   -1.0
0.543 0.252 0.958 0.780   1.0
0.541 0.034 0.801 0.605   -1.0
0.100 0.276 0.681 0.605   1.0*
0.141 0.068 0.310 0.532   -1.0
0.511 0.711 0.831 0.859   1.0
0.975 0.655 0.690 0.393   -1.0*
0.159 0.936 0.213 0.117   -1.0
0.383 0.658 0.750 0.184   -1.0
0.035 0.284 0.539 0.716   -1.0
0.503 0.856 0.957 0.813   1.0
0.112 0.325 0.099 0.944   -1.0
0.438 0.919 0.838 0.128   1.0
0.799 0.287 0.248 0.012   -1.0
0.964 0.395 0.061 0.714   1.0
0.324 0.749 0.862 0.863   1.0
0.752 0.366 0.321 0.708   1.0
0.709 0.821 0.504 0.809   1.0
0.687 0.246 0.683 0.526   1.0
0.995 0.325 0.661 0.243   1.0
0.064 0.207 0.731 0.125   -1.0
0.310 0.449 0.671 0.173   -1.0
0.136 0.924 0.678 0.457   1.0
0.857 0.166 0.453 0.361   1.0*
0.217 0.048 0.221 0.900   -1.0
0.596 0.895 0.899 0.257   1.0
0.236 0.321 0.346 0.967   -1.0
0.268 0.277 0.896 0.938   1.0
0.208 0.074 0.374 0.886   -1.0
0.007 0.743 0.697 0.459   -1.0
0.672 0.676 0.153 0.893   1.0
0.727 0.489 0.472 0.626   1.0
0.611 0.862 0.067 0.957   1.0
0.514 0.224 0.106 0.410   -1.0
0.556 0.618 0.237 0.931   1.0
0.767 0.937 0.247 0.464   1.0
0.352 0.136 0.073 0.505   -1.0
0.650 0.232 0.518 0.122   -1.0
0.264 0.732 0.720 0.331   1.0
0.549 0.845 0.913 0.655   1.0
0.075 0.211 0.872 0.312   -1.0
0.376 0.079 0.079 0.624   -1.0
0.475 0.975 0.680 0.548   1.0
0.710 0.198 0.712 0.228   -1.0
0.570 0.492 0.052 0.289   -1.0
0.740 0.838 0.668 0.653   1.0
0.923 0.729 0.704 0.795   1.0
0.846 0.171 0.120 0.925   1.0
0.664 0.401 0.770 0.344   1.0
0.250 0.054 0.147 0.962   -1.0
0.466 0.531 0.775 0.518   1.0
0.598 0.258 0.659 0.267   -1.0
0.152 0.190 0.640 0.856   1.0*
0.681 0.703 0.156 0.801   1.0
0.951 0.465 0.028 0.721   1.0
0.977 0.971 0.864 0.124   1.0
0.146 0.590 0.464 0.921   1.0
0.285 0.519 0.365 0.944   1.0
0.276 0.096 0.976 0.916   -1.0*
0.960 0.597 0.655 0.116   1.0
0.282 0.067 0.864 0.311   -1.0
0.673 0.288 0.759 0.537   1.0
0.691 0.683 0.001 0.156   -1.0
0.108 0.441 0.124 0.474   -1.0
0.910 0.750 0.480 0.885   1.0
0.432 0.845 0.263 0.087   1.0*
0.662 0.369 0.029 0.525   -1.0
0.817 0.198 0.968 0.575   1.0
0.379 0.267 0.418 0.381   -1.0
0.023 0.489 0.863 0.146   1.0*
0.247 0.056 0.712 0.728   -1.0
0.379 0.160 0.786 0.642   -1.0
0.748 0.303 0.615 0.777   1.0
0.295 0.594 0.027 0.263   -1.0
0.762 0.642 0.436 0.181   1.0
0.858 0.203 0.512 0.721   1.0
0.474 0.969 0.405 0.186   1.0
0.346 0.565 0.856 0.133   -1.0
0.103 0.881 0.510 0.718   1.0
0.339 0.013 0.251 0.366   -1.0
0.420 0.128 0.918 0.856   1.0
0.941 0.715 0.512 0.452   1.0
0.862 0.926 0.405 0.267   1.0
0.101 0.613 0.677 0.957   1.0
0.884 0.060 0.627 0.394   -1.0
0.284 0.733 0.791 0.536   1.0
0.067 0.956 0.227 0.985   1.0
0.536 0.926 0.526 0.048   1.0
0.962 0.910 0.304 0.367   1.0
0.417 0.469 0.790 0.094   -1.0
0.536 0.979 0.486 0.163   1.0
0.264 0.448 0.106 0.055   1.0*
0.205 0.122 0.939 0.432   -1.0
0.751 0.968 0.033 0.277   1.0
0.411 0.240 0.927 0.715   1.0
0.104 0.132 0.076 0.894   -1.0
0.502 0.431 0.205 0.987   1.0
0.578 0.251 0.042 0.684   -1.0
0.025 0.890 0.428 0.964   1.0
0.535 0.715 0.291 0.568   -1.0*
0.307 0.980 0.232 0.234   -1.0
0.839 0.338 0.827 0.915   1.0
0.054 0.417 0.662 0.259   -1.0
0.256 0.837 0.655 0.298   1.0
0.961 0.323 0.411 0.389   1.0
0.733 0.925 0.002 0.024   -1.0
0.994 0.331 0.473 0.226   1.0
0.168 0.065 0.902 0.995   -1.0*
0.134 0.049 0.397 0.797   -1.0
0.801 0.053 0.145 0.456   -1.0
0.666 0.418 0.674 0.078   -1.0
0.961 0.811 0.732 0.962   1.0
0.225 0.956 0.165 0.698   1.0
0.730 0.866 0.248 0.632   1.0
0.228 0.767 0.910 0.625   1.0
0.218 0.426 0.616 0.363   -1.0
0.967 0.030 0.300 0.641   -1.0
0.107 0.602 0.918 0.839   1.0
0.752 0.065 0.520 0.917   1.0
0.703 0.647 0.629 0.951   1.0
0.490 0.179 0.046 0.400   -1.0
0.610 0.618 0.231 0.226   1.0*
0.114 0.193 0.011 0.414   -1.0
0.119 0.522 0.436 0.037   -1.0
0.000 0.789 0.426 0.520   -1.0
0.189 0.223 0.354 0.817   -1.0
0.634 0.307 0.353 0.680   -1.0
0.158 0.290 0.326 0.389   -1.0
0.307 0.503 0.709 0.319   -1.0
0.544 0.437 0.439 0.980   1.0
0.801 0.980 0.263 0.226   1.0
0.969 0.415 0.723 0.322   1.0
0.897 0.956 0.540 0.250   1.0
0.247 0.408 0.926 0.573   1.0
0.442 0.880 0.300 0.151   -1.0
0.218 0.695 0.636 0.657   1.0
0.110 0.458 0.654 0.372   -1.0
0.154 0.341 0.099 0.877   -1.0
0.332 0.774 0.619 0.872   1.0
0.255 0.119 0.433 0.181   -1.0
0.230 0.623 0.571 0.530   -1.0
0.770 0.748 0.468 0.406   1.0
0.143 0.516 0.864 0.797   1.0
0.548 0.952 0.229 0.647   1.0
0.892 0.979 0.604 0.512   1.0
0.628 0.767 0.969 0.061   1.0
0.661 0.291 0.571 0.232   -1.0
0.345 0.002 0.570 0.814   -1.0
0.975 0.956 0.924 0.839   1.0
0.812 0.387 0.705 0.040   -1.0
0.535 0.932 0.013 0.138   -1.0
0.864 0.766 0.211 0.833   1.0
0.159 0.494 0.118 0.731   -1.0
0.939 0.076 0.728 0.508   1.0
0.137 0.484 0.846 0.061   -1.0
0.600 0.872 0.709 0.305   1.0
0.743 0.840 0.845 0.756   -1.0*
0.289 0.619 0.744 0.500   1.0
0.571 0.660 0.946 0.689   1.0
0.672 0.627 0.466 0.400   1.0
0.356 0.537 0.619 0.202   -1.0
0.942 0.801 0.470 0.650   1.0
0.382 0.393 0.946 0.228   -1.0
0.924 0.517 0.768 0.668   1.0
0.220 0.239 0.676 0.166   -1.0
0.067 0.838 0.555 0.533   -1.0
0.691 0.889 0.776 0.310   1.0
0.374 0.252 0.892 0.843   1.0
0.998 0.226 0.295 0.945   1.0
0.444 0.868 0.970 0.211   1.0
0.987 0.431 0.775 0.663   1.0
0.702 0.730 0.436 0.257   1.0
0.674 0.948 0.152 0.450   1.0
0.243 0.824 0.509 0.135   -1.0
0.411 0.133 0.893 0.706   1.0
0.346 0.150 0.946 0.316   -1.0
0.482 0.303 0.792 0.257   1.0*
0.390 0.960 0.696 0.825   1.0
0.960 0.499 0.164 0.112   -1.0
0.422 0.355 0.773 0.931   1.0
0.440 0.342 0.622 0.333   -1.0
0.700 0.679 0.198 0.646   -1.0*
0.559 0.129 0.299 0.351   -1.0
0.265 0.740 0.345 0.961   1.0
0.562 0.921 0.065 0.726   1.0
0.014 0.148 0.387 0.787   -1.0
0.877 0.227 0.422 0.499   1.0
0.470 0.199 0.240 0.667   -1.0
0.235 0.226 0.974 0.534   -1.0
0.360 0.799 0.317 0.706   1.0
0.882 0.268 0.682 0.947   -1.0*
0.715 0.961 0.142 0.102   -1.0
0.222 0.979 0.976 0.643   1.0
0.536 0.113 0.677 0.776   1.0
0.523 0.011 0.006 0.498   -1.0
0.583 0.858 0.344 0.900   1.0
0.105 0.782 0.831 0.787   1.0
0.825 0.501 0.690 0.967   1.0
0.438 0.189 0.582 0.413   -1.0
0.060 0.950 0.944 0.737   1.0
0.725 0.261 0.737 0.731   1.0
0.282 0.314 0.616 0.626   -1.0
0.179 0.731 0.995 0.010   -1.0
0.724 0.835 0.019 0.413   -1.0
0.622 0.851 0.991 0.204   1.0
0.823 0.264 0.214 0.767   1.0
0.939 0.492 0.262 0.676   1.0
0.020 0.958 0.536 0.636   1.0
0.749 0.816 0.315 0.744   1.0
0.833 0.468 0.661 0.852   1.0
0.464 0.474 0.732 0.455   1.0
0.996 0.278 0.942 0.210   1.0
0.944 0.150 0.536 0.206   -1.0
0.759 0.226 0.783 0.295   1.0
0.367 0.044 0.678 0.683   -1.0
0.504 0.516 0.257 0.166   -1.0
0.138 0.630 0.842 0.870   1.0
0.521 0.866 0.362 0.463   1.0
0.407 0.407 0.226 0.943   -1.0
0.051 0.702 0.839 0.835   -1.0*
0.702 0.202 0.042 0.380   -1.0
0.831 0.884 0.401 0.087   1.0
0.769 0.225 0.680 0.611   1.0
0.764 0.132 0.960 0.126   -1.0
0.036 0.533 0.002 0.262   -1.0
0.615 0.313 0.178 0.454   -1.0
0.176 0.156 0.350 0.217   -1.0
0.235 0.048 0.420 0.635   -1.0
0.470 0.404 0.360 0.149   -1.0
0.454 0.913 0.147 0.414   -1.0
0.742 0.450 0.572 0.744   1.0
